1227
6052
1260
7110
3040
9999
7118
6870
5820
1940
5370
5620
4980
4987
8210
4988
1460
3990
5215
5841
1310
3930
4030
5510
5512
6010
4730
5610
6654
3030
7310
5615
2410
5690
5850
1410
0608
5911
5910
6590
2900
0116
3940
3140
6140
6900
3670
6260
6510
6512
2720
3020
6060
2660
5840
5960
2750
2280
1368
2760
5320
3310
6170
6425
6420
1980
1430
4750
3010
6500
5570
1240
2672
8810
5970
3120
1000
3610
3612
1224
2610
1340
3750
3753
6630
7910
7010
2050
6431
5230
4531
6438
6042
1038
3080
5863
1210
0000
5953
5890
4770
4930
5950
6400
2210
6350
4520
1480
1100
5810
8830
2690
2731
0392
5883
5217
5880
5210
4200
4920
4510
6410
1610
2740
5920
5923
6020
1293
5800
3910
1270
5280
3060
6730
5530
6739
3052
8319
3050
2230
5630
4910
3110
7360
5932
5930
6030
4580
0158
