0158
0392
0608
1000
1100
1210
1224
1240
1340
1368
1940
2280
2610
2660
2720
2731
2740
2750
2760
2900
3010
3020
3030
3050
3120
3610
3612
3670
3750
3753
3910
3930
3940
3990
4030
4510
4520
4580
4750
4770
4910
4920
4980
4987
5210
5230
5280
5320
5370
5510
5610
5620
5630
5690
5810
5820
5840
5850
5880
5883
5890
5910
5920
5923
5930
5932
5950
5970
6010
6020
6030
6140
6170
6260
6400
6420
6425
6431
6438
6510
6512
6590
6630
6654
6730
6739
6870
6900
7010
7110
7310
7360
7910
8319
0000
0116
0158
0392
0608
1000
1038
1100
1210
1224
1227
1240
1260
1270
1293
1310
1340
1368
1410
1430
1460
1480
1610
1940
1980
2050
2210
2230
2280
2410
2610
2660
2672
2690
2720
2740
2750
2760
2900
3010
3020
3030
3040
3050
3052
3060
3080
3110
3120
3140
3310
3610
3612
3670
3750
3753
3930
3990
4030
4200
4510
4520
4531
4730
4750
4770
4910
4920
4930
4980
4987
4988
5210
5215
5217
5230
5280
5320
5370
5510
5512
5530
5570
5610
5615
5620
5630
5690
5800
5810
5820
5840
5841
5850
5863
5880
5883
5890
5911
5920
5923
5930
5932
5950
5953
5960
5970
6010
6020
6030
6042
6052
6060
6140
6170
6260
6350
6400
6410
6420
6431
6438
6500
6510
6512
6590
6630
6654
6730
6739
6900
7010
7110
7118
7310
7360
7910
8210
8810
8830
9999