2 	2900 	149
2 	0392 	1
973 	2900 	12
2010 	2900 	26
2313 	0158 	2
2988 	2900 	12
3000 	0392 	4
3000 	2900 	25
3133 	5620 	2
1595 	0158 	1
3370 	2900 	7
3370 	0392 	3
4199 	2900 	6
248 	2900 	3
248 	2610 	2
917 	2900 	1
2666 	2900 	2
2666 	6020 	28
4080 	2900 	3
60 	2610 	1
435 	2900 	3
1209 	2900 	5
1263 	2900 	4
1685 	2900 	5
2601 	2900 	1
3795 	2900 	2
3795 	6020 	1
1517 	2900 	6
1842 	0158 	1
1842 	2900 	4
1903 	5950 	1
1903 	2900 	7
3280 	2900 	4
3568 	7910 	1
3568 	2900 	2
599 	2900 	6
1211 	7310 	1
1211 	2900 	37
1643 	2900 	1
1769 	2900 	1
1769 	0158 	1
2132 	2900 	2
2957 	2900 	4
3668 	2900 	1
4058 	2900 	5
1220 	0392 	5
1556 	2900 	5
3360 	2900 	4
340 	2900 	14
1694 	2900 	18
3013 	2900 	1
3058 	2750 	2
3058 	2660 	2
3140 	2900 	1
553 	2900 	3
1554 	2900 	18
1989 	2900 	3
2162 	2900 	2
2925 	2900 	19
709 	2900 	2
1418 	0158 	1
1418 	2900 	15
2739 	2900 	2
2872 	2900 	10
3409 	2900 	24
3409 	0158 	1
322 	2900 	7
436 	2900 	1
753 	2900 	1
1891 	2900 	33
2466 	2900 	2
2825 	2900 	14
3142 	0158 	2
3142 	2900 	2
3514 	2900 	40
1371 	2900 	1
1925 	2900 	5
2123 	2900 	16
2655 	2900 	8
2655 	0158 	2
3158 	2900 	72
3536 	2900 	1
3982 	2900 	9
3269 	2900 	14
3639 	2900 	2
4116 	2900 	41
1800 	5850 	5
1941 	6510 	3
3168 	2900 	18
1828 	0392 	1
1828 	2900 	18
1899 	2900 	9
2152 	5800 	1
3698 	2900 	20
1192 	2900 	3
1192 	0392 	1
1397 	2900 	14
2321 	0158 	1
3387 	2900 	3
3387 	0392 	1
3628 	0158 	1
3628 	2900 	2
3979 	2900 	22
4013 	2900 	4
257 	2900 	1
2603 	2900 	18
928 	3050 	1
928 	6020 	2
928 	2900 	4
1743 	2900 	3
2557 	0158 	1
2557 	2900 	12
3253 	2900 	15
3375 	2900 	2
3375 	0158 	2
3986 	2900 	18
3986 	0392 	2
177 	2900 	8
1188 	0158 	5
1188 	2900 	6
1429 	2900 	3
3721 	2900 	8
4179 	2900 	7
124 	2900 	4
124 	5840 	1
839 	2900 	1
1052 	2900 	3
1152 	2900 	1
1170 	2900 	29
1436 	2900 	3
2352 	2900 	9
2731 	2900 	2
2948 	2900 	1
2948 	1100 	1
3433 	2900 	38
3745 	2900 	1
3955 	4770 	2
380 	2900 	15
951 	2900 	11
1437 	2900 	10
2025 	2900 	8
3046 	2900 	26
3748 	2900 	2
373 	2900 	9
751 	2900 	12
1336 	0392 	12
1336 	2900 	10
2434 	2900 	29
2203 	2900 	5
2227 	2900 	15
2958 	0392 	1
2958 	1210 	1
2958 	2900 	3
4153 	2900 	1
280 	2900 	3
1011 	2900 	1
1820 	2900 	5
2783 	0158 	1
2783 	2900 	5
3368 	2900 	6
2478 	0158 	1
2979 	2900 	2
3491 	2900 	73
4176 	2900 	1
633 	2900 	26
3148 	2900 	1
3148 	1100 	1
4008 	0392 	4
336 	0000 	1
336 	6030 	14
418 	2900 	19
1695 	2900 	7
1968 	5840 	1
1968 	2900 	20
1968 	5510 	1
1968 	7310 	1
2285 	2900 	2
3044 	2900 	1
3332 	2900 	9
3332 	0392 	5
3371 	0392 	4
3371 	2900 	44
3903 	0158 	2
43 	0158 	1
985 	2900 	13
1483 	2900 	9
2027 	4920 	1
2606 	2900 	1
2750 	2900 	8
3649 	2900 	16
1419 	2900 	1
1569 	2900 	11
1723 	2900 	22
1727 	0392 	3
1727 	2900 	8
1837 	2900 	3
2771 	4510 	1
2771 	2900 	2
817 	6020 	7
817 	2900 	3
3365 	2900 	18
4103 	5620 	1
4103 	0392 	2
4140 	2900 	8
335 	2900 	20
2995 	2900 	22
3438 	2900 	101
3438 	3040 	1
167 	2900 	6
167 	5620 	1
779 	2900 	6
1037 	2900 	3
1671 	2900 	3
1696 	2900 	11
1696 	0392 	4
2936 	2900 	37
3178 	2900 	1
3331 	2610 	1
3331 	2900 	4
3389 	2900 	4
3414 	2900 	3
3859 	2900 	9
3859 	0392 	1
1026 	2900 	14
1245 	2900 	64
2678 	2900 	41
3187 	2900 	1
3306 	0392 	1
3306 	2900 	7
3648 	2900 	72
179 	2900 	10
284 	2900 	20
1612 	2900 	10
1688 	2900 	2
2690 	2900 	10
3348 	2900 	1
511 	4520 	1
511 	0392 	16
511 	2900 	15
2037 	2900 	4
2037 	2610 	1
2051 	2900 	8
2051 	0158 	4
2379 	0158 	5
2379 	2900 	1
4157 	2900 	6
7 	2900 	8
259 	2900 	8
677 	2900 	5
1886 	2900 	30
1886 	0392 	2
2517 	6510 	2
3449 	2900 	40
3926 	2900 	24
3926 	0158 	4
16 	0392 	1
16 	2900 	111
144 	0392 	7
144 	2900 	8
993 	2900 	4
1297 	2900 	20
1634 	2900 	6
2328 	2900 	2
2328 	1210 	2
2620 	2900 	3
2620 	3050 	1
2620 	6020 	6
2768 	2900 	1
2768 	0158 	1
3001 	2900 	2
3083 	2900 	11
3787 	2900 	1
4118 	2900 	4
1843 	2900 	3
1843 	0392 	1
1936 	2900 	1
13 	2900 	9
13 	5840 	2
135 	2900 	33
285 	2900 	2
959 	2900 	1
1714 	2900 	2
1991 	2900 	5
1991 	5950 	1
3012 	2900 	6
3155 	2900 	11
1367 	6020 	4
1367 	3050 	1
1425 	0158 	1
3529 	2900 	4
3740 	0158 	2
3740 	2900 	3
3740 	6020 	4
583 	2900 	3
731 	2900 	12
771 	2900 	7
1050 	2900 	1
2624 	2900 	7
3229 	2900 	20
484 	5840 	2
484 	5810 	1
484 	2900 	5
484 	0392 	2
700 	2900 	3
3895 	2050 	2
3895 	1610 	7
4014 	2900 	1
4109 	2900 	3
349 	2900 	3
848 	0392 	7
848 	2900 	28
848 	7010 	1
1999 	0158 	1
2070 	2900 	1
2216 	5840 	2
2216 	2900 	9
2686 	2900 	2
119 	2900 	1
119 	5840 	2
764 	2900 	8
1142 	2900 	5
1189 	2900 	7
1672 	2900 	17
2245 	2900 	9
524 	2900 	2
1092 	2900 	6
1537 	2900 	2
2040 	0158 	4
2040 	2900 	22
2052 	0158 	4
2052 	2900 	8
2213 	0392 	8
2213 	2900 	15
2762 	2900 	1
2774 	2900 	5
3453 	0392 	1
3453 	2900 	4
72 	2900 	2
72 	0392 	1
352 	0158 	1
352 	2900 	20
500 	2900 	19
500 	0392 	2
664 	0392 	3
664 	2900 	20
1873 	2900 	2
2124 	2900 	10
2326 	2900 	4
2326 	0158 	1
2707 	2900 	81
2982 	2900 	4
3699 	2900 	25
4069 	4980 	2
4134 	2900 	23
4138 	4520 	1
4138 	0000 	1
609 	2900 	1
970 	2900 	2
3923 	0158 	2
3923 	2900 	15
1305 	6260 	2
2576 	2900 	2
2891 	2900 	5
2984 	2900 	22
3472 	0158 	2
3472 	2900 	4
3844 	1410 	1
3844 	2900 	1
3844 	1000 	5
3865 	2900 	4
2420 	2900 	9
2881 	2900 	17
2881 	0392 	3
3434 	2900 	22
4200 	2900 	24
1256 	0158 	1
1256 	2900 	13
1444 	0158 	4
1444 	2900 	5
1971 	2900 	10
2643 	2900 	2
2917 	2900 	3
3505 	7360 	1
3505 	7310 	4
3505 	6510 	1
3559 	4910 	2
3614 	3610 	1
1794 	2900 	4
2182 	2900 	8
3353 	2900 	11
1304 	2900 	12
1304 	0158 	1
1535 	2900 	1
2672 	2900 	14
2924 	2900 	11
2955 	4910 	2
2986 	2900 	3
3330 	2900 	4
3971 	2900 	19
4113 	2900 	6
427 	5840 	1
427 	5810 	2
427 	0392 	3
427 	2900 	10
883 	2900 	1
1313 	2900 	1
1908 	2900 	5
2520 	2900 	30
4028 	0392 	1
4028 	2900 	3
4028 	1210 	1
456 	2900 	1
1471 	2900 	2
1471 	5840 	1
2190 	2900 	3
2302 	2900 	58
2308 	0158 	1
2308 	2900 	3
2553 	0158 	1
2605 	2900 	13
3349 	2900 	10
3349 	0392 	5
483 	2900 	1
605 	2900 	2
605 	0158 	1
1776 	2900 	7
2496 	2900 	6
2688 	6020 	5
3551 	2900 	17
3759 	2900 	1
165 	2900 	1
393 	2900 	2
393 	0158 	1
1832 	2900 	3
2586 	2900 	7
2586 	0392 	3
3448 	2900 	6
97 	0158 	1
97 	2900 	1
636 	2900 	29
913 	2900 	9
2418 	2900 	10
2580 	2900 	88
2694 	2900 	4
2901 	2900 	2
3191 	2900 	2
3949 	2900 	15
3949 	0158 	1
1314 	2900 	5
1406 	2900 	16
3739 	2900 	2
3965 	2900 	5
3965 	0392 	1
122 	2900 	7
122 	0158 	9
2084 	2900 	2
2341 	2900 	4
3165 	2900 	16
1250 	2900 	10
1250 	0158 	1
1839 	2900 	2
2583 	8810 	1
2589 	2900 	8
2589 	5840 	1
2642 	2900 	28
3861 	0158 	4
3861 	2900 	1
4009 	2900 	59
4009 	6140 	2
1065 	2900 	8
1799 	4520 	2
2112 	2900 	10
3025 	2900 	6
3813 	2900 	17
3816 	0392 	4
3816 	2900 	10
1036 	2900 	3
1610 	2900 	1
2072 	6510 	2
2072 	5800 	1
2072 	3310 	1
2140 	2900 	9
3169 	0158 	1
3557 	0158 	9
3557 	2900 	30
3749 	2900 	15
3870 	0158 	1
3870 	2900 	1
4081 	5930 	4
4081 	5920 	35
4081 	5923 	3
4081 	5932 	3
1370 	2900 	2
2267 	2900 	24
3179 	2900 	5
3179 	5620 	1
3576 	2900 	2
3576 	1260 	1
3924 	4520 	4
3924 	4030 	4
3924 	0392 	1
3924 	5570 	1
3924 	5370 	1
3924 	2900 	4
607 	2900 	5
620 	2900 	13
1907 	2900 	22
2304 	6510 	4
2304 	5840 	2
2304 	5950 	1
2304 	6900 	2
2908 	2900 	17
3077 	2900 	4
3130 	2900 	6
3321 	0158 	4
3321 	6020 	4
3321 	2900 	3
3607 	2900 	6
4205 	2900 	4
1228 	2900 	18
1351 	2900 	1
1356 	2900 	21
2088 	2900 	12
2171 	2900 	83
2347 	2900 	25
3037 	0158 	2
3037 	2900 	3
3879 	2900 	8
4034 	5840 	1
4034 	2900 	1
786 	2900 	2
2368 	2900 	12
2551 	2900 	11
2652 	2900 	1
3390 	6042 	1
519 	2900 	11
519 	0392 	1
519 	1270 	1
1016 	2900 	7
1112 	2900 	1
1194 	2900 	1
1449 	2900 	13
2914 	2900 	1
2914 	6020 	2
2954 	2900 	6
241 	2900 	3
1040 	2900 	7
1718 	2900 	5
1855 	0392 	4
1855 	2900 	9
3073 	2900 	7
3110 	2900 	5
3673 	2900 	3
572 	2900 	2
572 	0392 	1
1082 	2900 	4
3455 	2900 	1
3455 	5840 	1
3463 	2900 	2
486 	2900 	5
486 	0158 	1
638 	2900 	7
2286 	2900 	3
2838 	3750 	2
2838 	3610 	1
3642 	2900 	15
671 	2900 	2
1261 	2900 	7
1571 	6510 	8
1571 	3310 	1
1571 	5510 	2
1571 	5512 	1
1571 	9999 	7
1583 	2900 	1
2991 	2900 	1
3323 	2900 	6
3998 	2900 	14
278 	5810 	1
278 	5840 	1
278 	2900 	3
278 	0392 	1
1533 	2900 	20
2875 	2900 	14
39 	2900 	14
545 	7110 	6
2483 	2900 	8
3212 	2900 	4
297 	2900 	1
544 	2900 	12
1254 	2900 	2
1254 	1460 	1
1280 	5510 	2
2355 	2900 	37
3104 	2900 	106
3245 	2900 	3
3595 	2900 	1
1620 	2900 	1
1699 	2900 	54
3296 	2900 	6
3995 	2900 	2
1848 	2900 	3
1997 	2900 	1
3287 	2900 	17
3751 	2900 	7
3751 	0392 	6
4000 	2900 	1
1720 	2900 	8
2005 	2900 	3
2654 	2900 	1
2654 	1980 	1
3496 	2900 	2
1719 	2900 	2
1888 	2900 	13
2564 	2900 	2
3162 	2900 	1
3854 	2900 	1
681 	0158 	1
681 	2900 	25
931 	2900 	5
2414 	2900 	9
2905 	2900 	17
3575 	2900 	5
3575 	1210 	2
2106 	0392 	2
2106 	2900 	4
2106 	5800 	1
2237 	2900 	5
3176 	2900 	6
3347 	5840 	2
3347 	2900 	1
3597 	0392 	1
3597 	9999 	1
3597 	2900 	9
3933 	5840 	2
3933 	2900 	4
300 	2900 	23
300 	0158 	1
1801 	0158 	5
2149 	2900 	8
2253 	2900 	1
3966 	2900 	1
4169 	2900 	3
514 	0158 	3
514 	2900 	18
1047 	0158 	3
1199 	2900 	2
1509 	4520 	2
1509 	0392 	4
1509 	2900 	7
2367 	2900 	1
2780 	2900 	7
3489 	2900 	4
563 	2900 	1
637 	2900 	7
796 	2900 	16
3909 	2900 	13
107 	2900 	14
149 	2900 	3
1257 	2900 	2
1257 	1210 	1
1267 	0392 	2
1267 	2900 	11
1557 	2900 	3
3902 	2900 	8
4011 	2900 	37
1788 	0158 	1
1788 	2900 	5
2806 	2900 	22
3473 	2900 	1
1057 	2900 	3
2619 	2900 	1
3675 	0158 	1
3675 	2900 	8
251 	2900 	13
251 	0392 	1
1178 	2900 	70
2693 	2900 	34
3184 	2900 	14
3311 	2900 	36
3422 	2900 	3
3701 	2900 	1
4198 	2900 	1
1241 	2900 	2
1332 	2900 	12
3041 	2900 	4
5 	2900 	4
182 	4730 	1
826 	2900 	5
1148 	2900 	2
1215 	2900 	1
2423 	2900 	7
2532 	2900 	12
2728 	2900 	15
1091 	2900 	5
1299 	6010 	7
2942 	2900 	23
2942 	0392 	1
3915 	0392 	1
3915 	2900 	5
70 	2900 	33
264 	2900 	2
82 	2900 	9
4056 	2900 	2
4184 	2900 	6
2440 	2900 	9
3103 	0392 	4
3103 	2900 	13
3308 	2900 	1
3328 	2900 	12
3687 	2900 	7
3687 	3050 	1
424 	2900 	2
860 	2900 	11
1738 	2900 	5
2950 	5810 	1
2950 	2900 	2
1423 	2900 	1
1682 	5840 	2
1682 	2900 	7
2307 	2900 	3
2307 	0392 	1
359 	0392 	2
359 	2900 	9
2747 	2900 	18
2767 	2610 	2
2767 	2900 	7
1338 	2900 	6
2300 	2900 	14
3829 	2900 	11
608 	2900 	1
608 	7910 	1
2634 	2900 	8
2775 	2900 	3
2775 	0158 	1
2831 	2900 	40
3215 	2900 	2
3552 	2900 	1
118 	2900 	5
162 	2900 	2
1012 	2900 	22
2268 	2900 	6
3550 	5840 	3
3550 	6060 	1
3572 	2900 	1
3999 	2900 	1
1621 	0392 	1
1621 	2900 	3
2033 	2900 	3
2471 	2900 	2
2927 	2900 	1
1259 	2900 	3
443 	2900 	2
1166 	2900 	6
1277 	0392 	3
1277 	2900 	6
3594 	1100 	1
3594 	2900 	3
3952 	2900 	1
3952 	5840 	2
469 	3990 	10
505 	2900 	8
998 	2900 	23
998 	0158 	2
1101 	2900 	6
2413 	2900 	11
2584 	2900 	1
3274 	2900 	2
3947 	2900 	4
3947 	0392 	2
3947 	1270 	1
199 	2900 	2
616 	2900 	1
1184 	2900 	1
1851 	2900 	1
2931 	2280 	3
3486 	2900 	13
3586 	1310 	1
3586 	0392 	1
3586 	2900 	12
55 	2900 	5
63 	2900 	9
2120 	2900 	1
3182 	2900 	11
819 	0158 	2
819 	2900 	2
819 	3050 	1
926 	2900 	1
1619 	2900 	11
2145 	0392 	1
2145 	2900 	7
2284 	2900 	4
2284 	5880 	1
2284 	5800 	1
2546 	0158 	3
2546 	2900 	3
2849 	2900 	1
3213 	2900 	8
3285 	2900 	39
3292 	0158 	1
3292 	2900 	6
3437 	2900 	7
3437 	0158 	1
3532 	2900 	6
3812 	0158 	4
3812 	2900 	20
4046 	2900 	3
730 	9999 	2
730 	5840 	3
730 	2900 	2
2085 	2900 	5
2743 	2900 	7
3768 	7910 	1
3768 	2900 	1
88 	2900 	9
185 	2900 	17
1181 	6590 	7
1651 	2900 	7
2065 	2900 	11
3601 	2900 	1
3767 	2900 	3
49 	0158 	2
49 	2900 	6
49 	6020 	14
49 	3050 	2
1670 	2900 	2
1784 	4520 	41
1827 	2900 	4
1827 	0392 	1
2656 	2900 	1
3758 	2900 	7
981 	2900 	13
1027 	2900 	20
2128 	2900 	3
3160 	0158 	1
3160 	2900 	2
3262 	2900 	3
3945 	3040 	1
3945 	2900 	47
434 	2900 	2
434 	3050 	2
1028 	2900 	9
1459 	0158 	4
1459 	2900 	2
3401 	2900 	3
3679 	2900 	11
536 	2900 	15
811 	5810 	1
811 	5920 	2
813 	2900 	11
813 	0392 	3
2364 	2900 	20
3646 	1210 	1
3646 	3990 	7
3719 	2900 	8
4059 	2900 	15
4133 	2900 	12
729 	0158 	1
1360 	2900 	1
2698 	2900 	11
4096 	2900 	6
4146 	2900 	1
533 	2900 	8
1510 	2900 	6
2398 	0392 	2
2398 	2900 	13
2740 	0158 	3
2834 	2900 	2
3239 	2900 	6
79 	5810 	1
79 	2900 	19
1596 	2900 	9
2370 	2900 	1
3602 	2900 	4
712 	2900 	25
723 	0158 	4
723 	2900 	6
1605 	2900 	15
1605 	0392 	4
2856 	2900 	2
3008 	2900 	10
3008 	0392 	8
888 	2900 	2
2401 	2900 	21
2779 	1000 	1
3164 	2900 	4
3475 	2900 	1
3475 	0158 	9
103 	0158 	3
622 	3010 	1
622 	2900 	9
622 	3120 	1
622 	3080 	2
622 	3030 	1
1147 	2900 	7
1917 	2900 	28
1917 	0392 	3
3088 	2900 	8
3823 	2900 	14
112 	2900 	57
1369 	2900 	46
1813 	1210 	3
1833 	2900 	1
3566 	2900 	12
3797 	0392 	17
3797 	2900 	24
3942 	2900 	2
176 	2900 	16
255 	2610 	1
255 	2900 	5
898 	3990 	4
898 	1210 	1
1003 	2900 	6
1003 	0392 	1
1521 	2900 	1
1637 	2900 	2
715 	5210 	6
715 	2900 	1
1481 	2900 	5
1717 	2900 	10
4050 	0392 	3
4050 	2900 	7
1019 	2900 	2
2270 	2900 	14
3106 	6510 	1
3106 	2900 	12
3611 	2900 	4
3925 	2900 	1
4045 	2900 	4
178 	0392 	1
178 	2900 	7
794 	6510 	2
1172 	2900 	7
1230 	2900 	2
1906 	2900 	5
2895 	2900 	1
2311 	2900 	4
2311 	5810 	1
475 	2900 	1
1644 	2900 	18
3469 	1210 	1
3469 	3990 	15
3633 	2900 	4
3852 	2900 	5
3985 	2900 	9
1760 	2900 	1
1760 	2760 	1
2389 	5840 	7
2389 	2900 	1
108 	2900 	2
1051 	2900 	5
1111 	2900 	1
2211 	2900 	10
2492 	7910 	1
2492 	2900 	21
123 	2900 	2
858 	2900 	6
1095 	0158 	2
1095 	2900 	23
576 	2900 	2
1354 	0158 	1
1354 	2900 	13
1450 	5880 	6
1450 	2900 	2
1450 	5883 	1
1450 	6730 	1
1909 	2900 	2
2265 	2900 	6
2319 	0158 	1
3494 	2900 	7
3603 	2900 	53
4066 	2900 	14
246 	4520 	4
580 	2900 	4
580 	0158 	1
614 	2900 	9
2760 	0392 	2
2760 	2900 	8
3080 	2900 	1
1780 	0158 	1
2274 	2900 	1
3195 	1000 	3
3195 	4980 	2
3195 	4910 	3
3195 	4930 	2
3195 	2610 	1
3197 	2900 	5
3444 	2900 	6
3709 	2900 	18
356 	2900 	2
455 	2900 	2
983 	2900 	1
1470 	2900 	1
2074 	2900 	1
2107 	2900 	15
3322 	2900 	6
4132 	2900 	6
323 	2900 	6
376 	2900 	5
785 	2900 	4
954 	2900 	1
954 	0158 	12
1330 	2900 	4
1606 	5510 	1
1606 	2900 	5
1618 	2900 	31
1641 	2900 	7
2453 	2900 	7
2854 	2900 	3
3183 	2900 	7
318 	2900 	2
396 	7110 	2
3161 	2900 	1
3889 	2900 	9
136 	2900 	23
2903 	2900 	33
2938 	2900 	2
3450 	2900 	43
1401 	2900 	4
125 	2900 	6
125 	0392 	8
410 	2900 	2
651 	2900 	18
1249 	2900 	4
2792 	2900 	10
3411 	2900 	4
291 	2900 	8
291 	0158 	3
719 	2900 	6
877 	2900 	12
1224 	2900 	1
1840 	0392 	1
1840 	2900 	6
2117 	2900 	1
2117 	0392 	2
2956 	2900 	1
3741 	2900 	12
2053 	2900 	34
2068 	2900 	25
2076 	2900 	1
2076 	0116 	6
2776 	2900 	5
4087 	2900 	19
460 	2900 	6
1764 	2900 	13
2555 	2900 	16
2746 	2900 	8
1601 	2900 	1
2362 	1270 	1
2362 	2900 	1
3466 	2900 	22
3534 	2900 	22
3808 	2900 	2
3808 	0158 	1
502 	2900 	20
716 	5840 	1
716 	2900 	4
920 	2900 	6
1030 	2900 	28
2864 	3753 	4
2864 	3612 	1
2864 	3610 	3
3697 	0158 	1
3697 	2900 	1
3907 	2900 	1
1408 	2900 	1
1408 	0158 	9
3810 	2900 	11
4083 	2900 	1
652 	2900 	22
3587 	2900 	15
3948 	2900 	24
4197 	2900 	14
662 	2900 	3
1100 	2900 	1
1242 	2900 	1
2147 	2900 	2
2147 	0158 	1
2832 	2900 	7
2832 	0392 	2
3151 	0392 	3
3151 	2900 	10
3661 	0158 	1
3661 	2900 	6
1440 	2900 	2
2593 	2900 	14
3095 	2900 	1
3188 	0158 	2
3188 	3050 	1
3188 	2900 	4
3428 	2900 	9
413 	2900 	30
1539 	2900 	1
2452 	2900 	2
3053 	2900 	1
3659 	2900 	31
3659 	0158 	4
862 	2900 	8
1059 	2900 	5
1059 	0392 	1
2997 	2900 	2
2997 	0392 	2
3498 	2900 	4
4093 	2900 	1
2596 	2900 	6
3043 	2900 	1
3520 	2900 	15
3913 	2900 	1
222 	2900 	3
394 	2900 	18
621 	2900 	58
1932 	2900 	13
2851 	2900 	29
2851 	0158 	3
3027 	2900 	25
595 	0392 	1
595 	2900 	3
963 	2900 	4
2143 	2900 	3
3199 	0392 	12
3199 	2900 	18
324 	2900 	4
362 	2900 	21
362 	6510 	1
1208 	2900 	6
1927 	2900 	1
2193 	5810 	1
2193 	2900 	4
3549 	2900 	6
3549 	0392 	1
3725 	2900 	7
3815 	0158 	1
3815 	2900 	20
3847 	2900 	1
3847 	5620 	4
20 	2900 	1
1053 	3010 	3
1053 	4750 	6
1480 	2900 	15
1597 	0392 	1
1597 	2900 	5
3600 	2900 	1
1274 	2900 	3
3761 	2900 	4
497 	2900 	39
1183 	2900 	12
1998 	5840 	4
2676 	2900 	3
2676 	1210 	1
2676 	0392 	1
4119 	2900 	1
180 	2900 	7
261 	2900 	15
1346 	2900 	2
2000 	2900 	28
2386 	2900 	3
2386 	5840 	2
3631 	2900 	4
3772 	5840 	2
540 	0158 	2
540 	2900 	11
739 	2900 	4
3461 	2900 	21
3941 	2900 	8
32 	2900 	14
90 	0158 	1
90 	2900 	18
90 	1000 	2
237 	1270 	1
237 	2900 	8
237 	0392 	1
485 	0392 	1
485 	2900 	4
955 	2900 	2
1461 	2900 	20
1740 	2900 	1
2238 	2900 	7
2736 	4730 	1
3943 	2900 	28
116 	2900 	2
1246 	0158 	1
1246 	2900 	2
1797 	1100 	1
1797 	2900 	4
2499 	3990 	17
444 	2900 	7
444 	7910 	1
444 	0158 	1
3092 	2900 	1
3223 	2900 	8
3906 	2610 	1
3906 	2900 	1
965 	2900 	21
202 	2900 	21
974 	2900 	2
1594 	2900 	5
1823 	2900 	2
2177 	2900 	1
3775 	5840 	2
3775 	2900 	2
601 	0392 	4
601 	2900 	51
3113 	2900 	4
474 	2900 	10
2269 	2900 	5
2269 	0158 	1
2700 	2900 	3
3677 	0158 	2
3677 	2900 	3
479 	2900 	6
1456 	2900 	5
530 	2900 	2
690 	2900 	3
915 	2900 	1
2354 	2900 	5
522 	2900 	2
1207 	2900 	9
1207 	0392 	1
3101 	2900 	2
4073 	2900 	13
675 	2900 	27
675 	0158 	12
1035 	2900 	12
3260 	2900 	7
4188 	0158 	1
4188 	2900 	1
2212 	0392 	2
2212 	2900 	11
3067 	4520 	22
3082 	2900 	6
3863 	2900 	29
3928 	2900 	1
378 	2900 	9
880 	1210 	2
1226 	2900 	6
2633 	0158 	2
2633 	2900 	24
2633 	1000 	1
2038 	2900 	15
2150 	2900 	13
2150 	0392 	1
2221 	2900 	43
2608 	3050 	1
2608 	0000 	4
3712 	0158 	9
3712 	2900 	2
1128 	2610 	1
1128 	2900 	4
2486 	0392 	5
2486 	2900 	15
2668 	2900 	3
2770 	2900 	7
3439 	0158 	5
3439 	2900 	13
3796 	2900 	3
4007 	2900 	3
527 	2900 	7
574 	0392 	1
574 	2900 	5
574 	1270 	1
907 	2900 	5
1486 	5810 	1
2200 	2900 	14
2263 	2900 	3
2263 	2610 	1
2822 	2900 	20
3233 	2900 	7
4092 	2900 	2
4092 	5217 	1
9 	0158 	1
9 	2900 	2
1967 	0158 	1
2173 	2900 	26
2298 	0392 	1
2298 	2900 	5
52 	2900 	2
52 	0158 	8
52 	1210 	1
238 	2900 	3
1626 	2900 	22
1701 	2900 	38
2756 	2900 	4
276 	0392 	1
276 	2900 	4
910 	2900 	1
1248 	2900 	5
1399 	2900 	2
2396 	4200 	3
2396 	4910 	1
2396 	6020 	1
2866 	2900 	7
720 	0158 	1
720 	2900 	1
2144 	5840 	1
2144 	2900 	10
2287 	2900 	16
2718 	0392 	1
2718 	2900 	11
2871 	2900 	4
3665 	2900 	2
3980 	2900 	5
4031 	2900 	2
4211 	5950 	1
4211 	5840 	12
303 	0392 	1
303 	2900 	9
672 	2900 	1
800 	2900 	9
800 	5840 	1
882 	2900 	2
1737 	4910 	29
2255 	2900 	2
2323 	0392 	4
2323 	2900 	5
3386 	5840 	1
3386 	2900 	15
4170 	2900 	2
1086 	2900 	2
1607 	2900 	2
3522 	2900 	5
3888 	3930 	1
2204 	2900 	1
2949 	2900 	6
2949 	2610 	1
3691 	0158 	4
130 	2900 	8
886 	2900 	4
2176 	2900 	9
2408 	2900 	8
2818 	2900 	2
3404 	2900 	5
402 	1100 	2
402 	2900 	16
1592 	2900 	11
1592 	0392 	1
2102 	2900 	2
3002 	2900 	7
3521 	5840 	2
3908 	2900 	6
4163 	2900 	1
387 	2900 	1
649 	2900 	21
1204 	2900 	8
1693 	2900 	6
1981 	2900 	23
1981 	0158 	5
2043 	2900 	28
2487 	2900 	4
2487 	1210 	2
3173 	0158 	9
3573 	2900 	3
949 	2900 	22
986 	1270 	2
986 	2900 	13
986 	1430 	1
1158 	2900 	1
1276 	2900 	3
2753 	5840 	1
2853 	0158 	1
2853 	2900 	4
3123 	2900 	11
3320 	2900 	4
3415 	2900 	1
3415 	0158 	8
3436 	7910 	1
3897 	2900 	12
722 	2900 	2
1054 	2900 	3
1054 	5800 	1
2442 	2900 	1
3663 	2900 	15
4201 	2900 	1
51 	2900 	11
1093 	2900 	2
1093 	4531 	1
1203 	1340 	1
1203 	2900 	4
290 	2900 	6
295 	2900 	4
295 	2610 	1
598 	5620 	2
598 	2900 	1
1265 	2900 	15
1508 	2900 	2
2545 	2900 	1
3838 	0392 	1
3838 	2900 	13
139 	2900 	1
139 	5840 	2
538 	2900 	1
542 	2900 	8
740 	3990 	22
852 	2900 	10
1772 	2900 	4
2138 	2900 	2
2622 	2900 	57
2930 	2900 	6
3125 	2900 	4
3418 	5510 	1
3418 	2900 	4
3707 	2900 	3
412 	2900 	3
1959 	2900 	9
3681 	2900 	22
3681 	0158 	2
4174 	2900 	2
528 	0392 	4
528 	2900 	47
1343 	0158 	4
1343 	2900 	25
1568 	2900 	1
2469 	7910 	1
2469 	2900 	6
3563 	5840 	1
3598 	2900 	6
3598 	0392 	2
4072 	5800 	3
4072 	2672 	1
170 	2900 	2
3657 	2900 	2
89 	2900 	1
89 	0158 	12
831 	2900 	1
831 	5610 	1
831 	5620 	1
864 	5512 	1
864 	5510 	1
864 	2900 	20
3683 	6042 	1
3737 	2900 	3
3781 	2900 	1
4 	6510 	1
102 	2900 	10
102 	0392 	4
551 	2900 	1
1789 	2900 	1
2422 	2900 	10
3108 	2900 	3
3588 	2900 	3
3596 	2900 	8
4018 	2900 	14
4032 	2900 	13
4215 	2900 	15
476 	2900 	2
859 	0392 	5
859 	2900 	4
978 	2900 	1
2786 	2900 	2
2791 	2900 	6
2850 	0158 	1
2850 	2900 	5
2876 	2900 	15
2926 	6020 	5
1238 	2900 	1
1300 	2900 	18
2508 	2900 	3
3020 	1460 	1
3020 	0392 	1
3020 	1270 	1
3020 	2900 	16
3313 	5840 	2
3313 	2900 	7
4142 	2900 	9
4177 	2900 	1
4177 	5883 	1
2159 	1460 	1
2159 	2900 	1
3056 	2900 	7
3429 	2900 	1
155 	2900 	2
155 	0158 	2
660 	2900 	5
660 	5810 	1
2392 	5840 	2
2588 	2900 	3
206 	2900 	3
249 	2900 	3
1811 	2900 	7
3234 	0158 	2
3234 	2900 	1
3619 	2900 	3
1186 	2900 	1
3720 	2900 	6
3764 	5810 	1
3764 	2900 	9
966 	2900 	7
1321 	0392 	1
1321 	2900 	6
1599 	2900 	3
1674 	5840 	2
1674 	2900 	8
1870 	2900 	2
2552 	2900 	3
3493 	2900 	12
4078 	0392 	7
4078 	2900 	40
117 	2900 	8
1001 	2900 	7
1506 	0392 	1
1506 	2900 	5
1762 	0158 	1
1762 	2900 	2
1821 	2900 	21
2241 	2900 	8
3114 	2900 	18
3219 	5530 	1
3219 	2900 	3
3716 	2900 	15
4152 	2900 	2
292 	2900 	1
2322 	2900 	50
3244 	2900 	4
523 	2900 	105
809 	2900 	17
2020 	2900 	14
3342 	0392 	3
3342 	2900 	9
3358 	0158 	6
3358 	2900 	3
3380 	2900 	2
42 	2900 	3
85 	2900 	14
1363 	2900 	20
1872 	2900 	13
2646 	0392 	6
2646 	2900 	7
3424 	0158 	1
3424 	2900 	13
3967 	2900 	4
1645 	2900 	2
1656 	6510 	1
1656 	2900 	13
1802 	2900 	17
1807 	0158 	1
1807 	2900 	1
2008 	2900 	6
2214 	2900 	5
2372 	2900 	10
3079 	2900 	3
3210 	2900 	28
3210 	0158 	3
3835 	2900 	22
3856 	5840 	3
3856 	2900 	3
4004 	2900 	13
4107 	2900 	7
4107 	5840 	2
4165 	2610 	1
688 	2900 	26
1118 	2900 	7
515 	2900 	4
585 	2900 	7
894 	2900 	2
1987 	2900 	32
1987 	0392 	1
2390 	2900 	2
2458 	0392 	1
2458 	2900 	9
45 	2900 	14
1301 	2900 	1
1676 	0158 	1
1676 	2900 	3
3579 	2900 	1
3817 	2900 	5
384 	2900 	6
482 	2900 	3
2087 	2900 	9
2635 	2900 	5
2648 	5840 	4
967 	2900 	7
967 	0392 	3
1173 	2900 	1
2215 	0392 	4
2215 	2900 	7
2215 	5800 	1
2848 	2900 	17
3827 	2900 	11
4120 	1210 	2
4120 	2900 	2
131 	2900 	6
270 	5510 	5
270 	1000 	1
577 	5840 	2
577 	2900 	1
1576 	2900 	13
1576 	0000 	2
1576 	4520 	2
2561 	2900 	1
3021 	3612 	2
3021 	3750 	12
3528 	2900 	2
3608 	2900 	6
2503 	2900 	7
4076 	2900 	14
4108 	5883 	2
4108 	5880 	17
4108 	6030 	112
4108 	5850 	81
1884 	0158 	2
1884 	1000 	1
1884 	2900 	38
2402 	4730 	2
2402 	2900 	1
2474 	5810 	1
2474 	0392 	1
2474 	5840 	1
2474 	2900 	4
3071 	2900 	3
3295 	2900 	12
189 	2900 	2
2852 	2900 	2
3068 	2900 	10
148 	2900 	10
778 	2900 	66
953 	2900 	3
1647 	5810 	1
1647 	5950 	1
1647 	2900 	4
1667 	2900 	1
3084 	2900 	3
4003 	0000 	2
4003 	2900 	2
4180 	2900 	4
2421 	1240 	1
4173 	0158 	2
313 	5840 	1
313 	2900 	3
685 	2900 	2
1528 	2900 	2
1563 	2900 	12
1835 	2900 	16
2044 	5840 	1
2044 	2900 	11
2717 	2900 	6
3284 	6020 	6
3284 	2900 	1
3513 	2900 	9
3513 	0392 	1
3567 	2900 	1
4123 	2900 	7
1638 	2900 	5
1826 	4910 	1
1826 	1210 	2
1826 	2900 	3
2433 	5840 	13
4091 	0158 	1
4091 	2900 	21
221 	2900 	38
916 	2900 	4
2175 	2900 	3
2279 	2900 	1
2687 	2900 	2
3226 	2900 	24
3624 	2900 	3
3886 	2900 	9
1411 	2900 	5
1411 	0158 	2
1793 	1210 	2
1793 	0158 	2
1793 	2900 	9
2699 	2900 	5
3769 	2900 	6
132 	2900 	45
591 	0158 	1
591 	2900 	28
591 	3050 	1
938 	2900 	6
2489 	2900 	1
3946 	2900 	15
561 	2900 	4
964 	2900 	9
2194 	2900 	3
3243 	2900 	2
3708 	3990 	8
3708 	2900 	2
3708 	1260 	1
4189 	5883 	1
4189 	2900 	1
1099 	5620 	1
1099 	2900 	1
1689 	2900 	1
1983 	2900 	50
2449 	2900 	5
3526 	2900 	6
3526 	0392 	1
3993 	1210 	2
3993 	2900 	8
1135 	0158 	3
1135 	2900 	6
1279 	2900 	2
1448 	2900 	5
2205 	2900 	2
2537 	2900 	8
2919 	2900 	5
3222 	2900 	10
3517 	2900 	4
141 	2900 	2
151 	0000 	7
1974 	0392 	2
1974 	2900 	25
2967 	2900 	2
3026 	2900 	1
3286 	2900 	36
3660 	0392 	1
3660 	2900 	3
1154 	0000 	1
1154 	6140 	7
3990 	2900 	3
1025 	2900 	3
1025 	5840 	1
2629 	2900 	3
3584 	2900 	24
3584 	0392 	6
1491 	2900 	10
2560 	2900 	7
2641 	2900 	1
1540 	1038 	1
1977 	2900 	3
2297 	2900 	18
2506 	3110 	2
2506 	3010 	1
2506 	0392 	1
2506 	3080 	1
2506 	2900 	15
2697 	2900 	4
2859 	2900 	14
2990 	5840 	1
2990 	2900 	11
3530 	2900 	115
768 	2900 	6
1479 	2900 	2
2703 	2900 	16
2843 	2900 	14
64 	2900 	3
1141 	2900 	6
1187 	2900 	13
2146 	2900 	17
2275 	2900 	13
2361 	0392 	3
2361 	2900 	5
2535 	5840 	2
2535 	2900 	3
2844 	2900 	3
154 	2900 	10
1129 	2900 	14
3734 	2900 	3
1042 	0158 	1
1042 	2900 	4
2823 	2900 	13
3124 	2900 	1
3177 	2900 	8
3793 	0392 	1
3793 	2900 	13
578 	2900 	12
1133 	2900 	28
1798 	2900 	1
1798 	5800 	3
2111 	2900 	2
3471 	2900 	9
4208 	2900 	9
546 	2900 	3
2019 	2900 	1
2540 	2900 	14
3934 	2900 	3
558 	2900 	1
1474 	0158 	2
2261 	2900 	4
2664 	5970 	1
2664 	2900 	4
2664 	5840 	2
93 	2900 	19
940 	2900 	1
1770 	5840 	1
2230 	0392 	2
2230 	5810 	1
2230 	2900 	7
2536 	2900 	2
53 	2900 	3
338 	1270 	1
338 	2900 	5
338 	0392 	1
29 	2900 	2
1627 	2900 	2
1867 	0392 	7
1867 	2900 	8
2082 	2900 	12
2082 	1100 	1
2526 	2900 	9
2526 	0392 	2
2675 	2900 	4
2741 	2900 	15
3099 	7910 	1
3099 	2900 	2
3189 	2900 	16
3545 	2900 	16
3732 	2900 	6
552 	3030 	4
552 	2900 	4
552 	3040 	1
1005 	2900 	1
224 	2900 	1
682 	2900 	54
1252 	2900 	11
1412 	2900 	1
1531 	2900 	2
1749 	2900 	8
1749 	0392 	2
1919 	2900 	19
2130 	2900 	16
999 	2900 	2
999 	0158 	2
2710 	0158 	1
2710 	2900 	6
2969 	0392 	1
2969 	2900 	3
3878 	2900 	4
4206 	2900 	6
4206 	0392 	1
504 	0392 	3
504 	2900 	38
902 	3930 	1
902 	2900 	2
1287 	0392 	1
1287 	2900 	8
1732 	2900 	7
1732 	2740 	1
2242 	5280 	2
2242 	2900 	2
2271 	2900 	1
3120 	2900 	4
3235 	2900 	4
3235 	5840 	1
3247 	2900 	6
3828 	2900 	6
332 	2900 	16
1190 	2410 	2
2841 	2900 	11
2846 	0158 	4
2846 	2900 	17
3672 	2900 	4
3774 	2900 	5
3842 	2900 	6
856 	2900 	7
856 	5810 	1
2527 	0158 	1
2527 	2900 	1
3283 	2900 	98
3366 	2900 	13
3366 	0392 	2
3658 	2900 	1
3969 	2900 	7
1584 	2900 	4
2833 	2900 	4
2888 	2900 	1
3713 	2900 	6
74 	2900 	15
328 	2900 	2
656 	2900 	4
762 	2900 	3
835 	2900 	24
835 	0392 	1
1289 	2900 	3
2684 	2900 	1
2684 	0158 	1
3145 	6020 	8
3704 	6140 	2
408 	2900 	25
1115 	2900 	2
1391 	0392 	1
1391 	2900 	17
1733 	2900 	9
2935 	2900 	2
3147 	0392 	1
3147 	2900 	17
3379 	2900 	1
3379 	6170 	1
223 	2900 	1
397 	2900 	18
1729 	0392 	4
1729 	2900 	22
2156 	2900 	5
2156 	0392 	3
2405 	2900 	1
2405 	5840 	1
3373 	2900 	5
3715 	2900 	1
4027 	2900 	2
4037 	2900 	1
4037 	0158 	1
2110 	2900 	2
2110 	0158 	1
2411 	2900 	4
245 	2900 	2
644 	2900 	2
1432 	0392 	4
1432 	2900 	16
1530 	2900 	41
1530 	6510 	1
2103 	5840 	2
2103 	2900 	1
2223 	2900 	8
2223 	1000 	1
3282 	2900 	14
3359 	2900 	7
3620 	2900 	4
232 	2900 	1
232 	5620 	2
305 	2900 	1
743 	2900 	13
1396 	5840 	1
1396 	2900 	1
1937 	2900 	9
2034 	2900 	13
520 	2900 	18
1125 	0392 	2
1125 	2900 	7
1675 	2900 	16
3141 	2900 	4
3141 	0392 	1
266 	0392 	9
266 	2900 	26
333 	2900 	6
754 	0392 	6
754 	2900 	6
1009 	0158 	1
1243 	2900 	5
2248 	2900 	14
2460 	2900 	3
2460 	4910 	1
4097 	2900 	23
873 	2900 	2
873 	5840 	2
1963 	2900 	11
2121 	2900 	2
3307 	2900 	3
3779 	0392 	1
3779 	1310 	2
3779 	2900 	10
3821 	2900 	7
658 	0392 	1
658 	2900 	25
742 	2900 	21
2745 	0392 	11
2745 	2900 	10
3462 	4987 	7
3462 	4980 	3
3462 	4910 	4
3809 	2900 	24
160 	0392 	1
160 	2900 	3
403 	4910 	1
1711 	4520 	1
3565 	0158 	1
3565 	6510 	1
1002 	3050 	4
1002 	6020 	7
1002 	2900 	3
1271 	2900 	8
1473 	2900 	13
2998 	5920 	4
3263 	2900 	3
3294 	2900 	8
3384 	2900 	1
3384 	5610 	3
4164 	2900 	3
268 	2610 	1
268 	5620 	1
529 	2900 	5
1159 	0392 	4
1159 	2900 	5
1340 	6020 	3
1340 	2900 	3
1565 	2900 	1
1935 	2900 	12
2035 	2900 	1
2035 	0158 	3
2136 	2900 	14
2136 	0392 	2
2400 	2900 	2
2944 	5840 	1
2944 	2900 	7
4192 	2900 	8
641 	2900 	6
1149 	2900 	9
1495 	2900 	27
2430 	2900 	19
3623 	9999 	3
3623 	2900 	1
4204 	2900 	12
4207 	2900 	5
4207 	0392 	2
2406 	2900 	4
2659 	2900 	3
3583 	2900 	2
287 	0392 	6
287 	2900 	15
1865 	2900 	6
2594 	2900 	5
3059 	2900 	9
3059 	1210 	1
3059 	0392 	2
3194 	2900 	6
3356 	2900 	13
1611 	2900 	31
3087 	2900 	5
3089 	5840 	2
3089 	2900 	8
4038 	2900 	11
4149 	6020 	10
4149 	2900 	2
4149 	3050 	2
1660 	2900 	6
2006 	2900 	13
2089 	0392 	2
2089 	9999 	2
2089 	2900 	5
3304 	2900 	9
3667 	2900 	1
449 	2900 	4
2126 	2900 	4
2210 	2900 	21
3040 	2900 	1
3040 	5800 	1
3116 	2900 	1
3822 	2900 	1
568 	2900 	3
946 	2900 	1
1212 	2900 	16
1673 	2900 	1
1673 	0158 	10
2494 	2900 	3
3204 	2900 	3
3383 	0392 	1
3383 	2900 	9
133 	2900 	18
133 	0392 	13
363 	2900 	1
726 	2900 	1
781 	2900 	20
781 	0158 	1
1364 	3030 	1
1364 	2900 	11
1502 	0392 	2
1502 	2900 	4
1850 	2900 	9
1850 	0392 	1
2627 	2900 	3
2754 	2900 	2
2754 	7910 	1
3806 	0392 	3
3806 	2900 	17
3836 	2900 	6
236 	2900 	27
663 	2900 	3
1233 	2900 	31
2046 	2900 	4
2301 	5850 	2
2301 	5883 	1
821 	0158 	1
972 	2900 	2
1193 	2900 	23
2548 	2900 	3
3417 	0392 	2
3417 	2900 	6
35 	0158 	2
429 	2900 	29
429 	0392 	1
1218 	0392 	1
1218 	4520 	4
1218 	2900 	22
1868 	2900 	1
2098 	0392 	4
2191 	5690 	14
3610 	5230 	5
4051 	0392 	6
4051 	2900 	12
1525 	2900 	11
296 	2900 	16
355 	2900 	3
355 	0392 	2
355 	5810 	1
372 	2900 	23
372 	0158 	1
1085 	2900 	7
1085 	0392 	1
1156 	2900 	8
1156 	0392 	2
1806 	0158 	1
1806 	2900 	1
3072 	2900 	1
3470 	2900 	36
4182 	0158 	2
1529 	2900 	12
1529 	0158 	1
1894 	2900 	19
2410 	2900 	6
2410 	5510 	1
3341 	2900 	5
506 	2900 	13
1895 	2900 	6
1895 	0392 	2
2142 	2900 	5
2790 	5840 	1
2790 	5880 	1
3271 	6020 	7
354 	2900 	2
392 	2900 	1
2382 	2900 	1
2382 	6020 	6
2721 	6020 	6
2742 	2900 	10
2742 	0392 	1
3221 	2900 	112
3510 	2900 	9
3778 	3040 	1
3778 	2900 	45
857 	2900 	10
857 	0392 	1
2090 	6020 	3
2090 	2900 	1
1390 	0158 	1
1390 	2900 	2
1825 	2900 	3
2058 	2900 	6
3408 	2900 	3
3634 	2900 	24
4098 	2900 	8
205 	2900 	1
207 	0392 	3
207 	2900 	9
207 	0000 	1
1260 	2900 	16
1317 	2900 	1
1317 	5840 	2
1342 	2900 	6
1342 	3050 	1
1398 	2900 	40
1430 	2900 	2
1430 	0158 	5
2374 	2900 	6
2679 	0392 	1
2679 	2900 	3
1777 	2900 	1
2366 	6510 	1
2366 	2900 	12
2725 	2900 	8
3405 	2900 	10
3405 	0392 	4
3432 	2900 	3
3874 	2900 	11
1625 	2900 	27
1625 	0158 	2
1944 	6030 	1
2377 	2900 	1
2816 	0392 	3
2816 	2900 	23
2904 	1270 	1
2904 	2900 	7
2904 	0392 	1
2983 	2900 	1
3972 	2900 	4
3972 	0158 	4
440 	6020 	6
934 	2900 	23
1353 	2900 	4
302 	2900 	5
2461 	2900 	16
2531 	0392 	1
2531 	2900 	5
2970 	2900 	2
3007 	2900 	10
3007 	0392 	2
3790 	2900 	17
96 	2900 	10
426 	2900 	1
480 	2900 	8
3289 	2900 	5
3289 	0392 	6
3652 	2900 	2
3819 	2900 	2
77 	2900 	7
77 	0392 	2
471 	2900 	23
724 	3753 	1
724 	3750 	2
724 	3612 	3
724 	3610 	3
1646 	2900 	2
1646 	0158 	8
2199 	2900 	15
3446 	0158 	1
3446 	5840 	1
3446 	2900 	1
1200 	2900 	1
1327 	2900 	5
1421 	0392 	1
1421 	2900 	7
2331 	2900 	22
2538 	2900 	1
2538 	5620 	4
3585 	2900 	5
3780 	2900 	7
33 	2900 	7
645 	2900 	1
1298 	1210 	1
1622 	0392 	1
1622 	2900 	6
2079 	2900 	12
2151 	2900 	31
2198 	2900 	1
2233 	5840 	2
2233 	2900 	1
2757 	0392 	2
2757 	2900 	22
3301 	2900 	1
3571 	2900 	4
3626 	2900 	5
4020 	0158 	5
1083 	2900 	2
1083 	5620 	1
4023 	2900 	1
4036 	2900 	1
95 	2900 	8
95 	0392 	5
635 	2900 	8
673 	2900 	3
994 	2900 	15
3378 	2900 	5
17 	2900 	3
134 	2900 	33
914 	2900 	18
3061 	2900 	6
3682 	2900 	17
1368 	2900 	2
1591 	2900 	3
2342 	3990 	9
2755 	2900 	5
2795 	5840 	40
2951 	2900 	5
3009 	2900 	10
3577 	2900 	3
4053 	2900 	3
2003 	2900 	22
2129 	2610 	1
2129 	2900 	6
2225 	5840 	2
2225 	2900 	3
2333 	2900 	5
2333 	0392 	4
3747 	2900 	40
3747 	3040 	1
1096 	5810 	2
2631 	1310 	1
2631 	0392 	1
2631 	2900 	4
2662 	2900 	5
458 	2900 	26
707 	2900 	19
805 	1224 	1
805 	1210 	20
1580 	2900 	1
2628 	2900 	22
2765 	5810 	1
2765 	2900 	2
3156 	2900 	1
3523 	0392 	1
3523 	2900 	11
1498 	2900 	7
4048 	1270 	1
4048 	2900 	6
1578 	2900 	3
1946 	2900 	3
1143 	0608 	1
1143 	2900 	2
2184 	2900 	1
2184 	5840 	1
2456 	2900 	22
2456 	0158 	1
2611 	2900 	14
2828 	2900 	13
642 	0158 	1
923 	2900 	38
1076 	0392 	7
1076 	2900 	1
1443 	2900 	3
2050 	2900 	8
2059 	2900 	6
2387 	2900 	13
164 	2900 	2
1970 	2900 	8
1395 	2900 	21
1489 	0608 	1
1489 	2900 	5
1636 	2900 	13
744 	0392 	2
744 	2900 	6
919 	6030 	2
2350 	2900 	13
2350 	0392 	4
2464 	2900 	4
3254 	0158 	3
3254 	2900 	4
679 	2900 	4
847 	2900 	1
866 	2900 	10
1210 	2900 	2
1488 	0158 	1
1488 	2900 	11
2137 	2900 	44
3022 	2900 	15
3031 	6020 	2
3031 	0158 	4
3031 	2900 	4
3413 	2900 	14
3803 	2900 	1
3845 	0392 	1
3845 	2900 	27
21 	2900 	12
464 	2900 	19
708 	2900 	1
741 	0158 	4
741 	2900 	3
741 	0392 	1
1145 	2900 	6
1996 	2900 	5
2403 	2900 	2
1781 	2900 	2
1830 	6042 	1
1830 	2900 	1
2547 	2900 	2
3135 	2900 	2
3135 	3140 	1
3958 	2900 	9
933 	2900 	13
2105 	2900 	15
2381 	2900 	22
2445 	2900 	1
2445 	5840 	2
2543 	2900 	8
3051 	2900 	169
4017 	2900 	16
799 	2900 	7
1980 	2900 	2
2441 	2900 	1
2738 	2900 	12
2738 	0392 	8
3200 	2900 	7
310 	2900 	10
752 	2900 	5
1628 	2900 	2
2011 	2900 	1
2234 	2900 	1
2292 	2900 	11
2292 	0392 	6
3937 	0158 	1
3937 	2900 	1
855 	2900 	10
1985 	1210 	1
2041 	0158 	8
2041 	2900 	1
2759 	2900 	10
2759 	0392 	6
2929 	2900 	1
3468 	2900 	1
3644 	2900 	5
3894 	2900 	1
145 	2900 	44
921 	2900 	61
1308 	2900 	8
1402 	6020 	6
2231 	2900 	1
2507 	2900 	1
2525 	2900 	8
3464 	2900 	1
3850 	5840 	4
3850 	2900 	4
1017 	2900 	4
1902 	0158 	2
1902 	2900 	1
2060 	2900 	1
3318 	2900 	61
4166 	0392 	11
4166 	2900 	17
4185 	2900 	5
433 	2900 	1
1140 	2900 	7
1652 	5610 	1
1652 	2900 	1
389 	2900 	11
451 	2900 	5
738 	5840 	2
738 	2900 	7
1404 	3010 	1
1404 	2900 	6
1882 	6052 	1
1882 	2900 	4
2568 	2900 	6
200 	2900 	25
200 	0392 	1
250 	2900 	4
814 	2900 	18
1382 	4510 	6
2533 	5620 	2
2533 	2900 	17
2476 	0392 	1
3278 	2900 	3
3898 	2900 	7
3901 	2900 	8
493 	2900 	1
1139 	2900 	3
1442 	0392 	2
1442 	2900 	11
2276 	5840 	2
2276 	2900 	8
488 	2900 	3
488 	0392 	1
1389 	2900 	3
1992 	2900 	19
3782 	2900 	1
3849 	2900 	28
4094 	9999 	2
4094 	6410 	1
503 	2900 	2
1296 	2900 	3
1457 	1000 	1
1457 	0608 	1
1883 	2900 	2
2645 	2900 	13
3423 	2900 	4
3916 	2900 	5
4021 	6730 	6
699 	2900 	13
3757 	2900 	2
2031 	2900 	1
2031 	0000 	1
2031 	5841 	1
2031 	5610 	3
2459 	0158 	3
3419 	7118 	6
3419 	7110 	11
1755 	2900 	1
1755 	6042 	1
2463 	2900 	4
3086 	0392 	2
3086 	2900 	14
3248 	2900 	12
3736 	3050 	1
3738 	2900 	22
761 	2900 	8
1700 	2900 	14
2824 	0392 	2
2824 	2900 	11
2869 	2900 	15
1904 	2900 	1
2101 	2900 	13
2115 	5880 	2
2134 	0158 	2
2134 	2900 	25
2720 	2900 	1
2808 	2900 	1
140 	2900 	1
12 	5880 	1
240 	2900 	11
1075 	2900 	9
1075 	0392 	3
1165 	2900 	22
1165 	0392 	4
1648 	2900 	9
1648 	0392 	3
2472 	2900 	1
2729 	2900 	22
3892 	2900 	4
689 	2900 	3
1466 	0392 	1
1466 	2900 	3
2170 	2900 	15
2972 	2900 	1
4137 	2900 	4
272 	2900 	2
459 	0392 	1
459 	2900 	3
734 	2900 	29
734 	0392 	2
756 	2900 	16
1344 	0392 	6
1344 	2900 	1
1348 	1340 	2
3344 	2900 	18
3344 	3050 	1
4088 	2900 	4
344 	2900 	4
832 	2900 	3
2975 	2900 	6
3207 	2900 	1
4161 	0158 	2
4161 	2900 	7
525 	1210 	2
1374 	2900 	7
2657 	2900 	32
2939 	2900 	113
3309 	0158 	1
3309 	2900 	2
3309 	6020 	11
3309 	3050 	2
1090 	2900 	3
3224 	2900 	1
3454 	2900 	13
3864 	2900 	57
4095 	0392 	1
4095 	2900 	10
1940 	2900 	61
2078 	5810 	3
2581 	2900 	15
3339 	1460 	1
3339 	2900 	2
110 	2900 	22
745 	1340 	5
745 	1368 	2
2443 	2900 	3
3885 	2900 	1
725 	2900 	6
2260 	0392 	1
2260 	2900 	6
2695 	2900 	2
625 	2900 	6
1060 	2610 	1
1060 	2900 	4
1347 	2900 	2
1347 	5840 	1
1426 	2900 	7
1438 	2900 	4
1808 	5840 	1
1808 	2900 	3
2860 	2900 	11
3407 	0158 	8
3407 	2900 	1
1240 	2900 	13
2083 	2900 	15
3616 	2900 	9
3910 	2900 	14
2280 	2900 	8
2522 	2900 	14
2653 	2900 	7
2653 	0158 	3
3442 	2900 	21
1269 	2900 	5
1585 	2900 	5
1713 	0158 	2
1713 	2900 	35
1713 	1000 	1
1889 	2900 	2
1889 	0158 	3
2346 	2900 	16
2609 	2900 	10
2609 	0392 	1
2836 	6020 	8
2836 	2900 	1
3376 	2900 	14
3376 	0392 	2
37 	2900 	7
1876 	2900 	1
1929 	5880 	1
1929 	5840 	6
3281 	2900 	2
2206 	6510 	39
2206 	6900 	3
2206 	6630 	1
2842 	2900 	1
2985 	2900 	8
3756 	2900 	1
247 	2900 	8
247 	1100 	1
414 	2900 	8
548 	0392 	1
548 	2900 	5
909 	2900 	9
922 	2900 	7
922 	0392 	2
1110 	0158 	1
2890 	2900 	1
2761 	2900 	2
1084 	6042 	1
1931 	6030 	1
3959 	2900 	7
4148 	2900 	9
2549 	2900 	13
3535 	2900 	3
3731 	2900 	5
169 	2900 	2
1018 	2900 	4
1018 	0158 	2
1969 	2900 	4
3076 	2900 	23
3678 	0158 	3
516 	2900 	9
516 	0392 	1
728 	2900 	6
1322 	2900 	5
1322 	3140 	1
1381 	2900 	3
2530 	2900 	2
2811 	2900 	6
2811 	0158 	1
3324 	2900 	14
3931 	2900 	2
1715 	2900 	13
3070 	2900 	14
632 	2900 	41
1295 	2900 	2
2446 	1270 	1
2446 	2900 	1
491 	0392 	5
491 	2900 	13
594 	0158 	2
988 	2900 	10
3143 	3990 	20
3385 	2900 	6
450 	2900 	5
867 	2900 	39
1136 	2900 	4
1973 	2900 	6
2348 	2900 	6
2910 	2900 	6
3480 	2900 	1
3666 	2900 	24
4183 	2900 	9
4183 	3040 	1
173 	2900 	12
610 	2900 	1
737 	2900 	3
747 	2900 	5
1845 	2900 	18
2600 	5840 	3
2600 	2900 	2
283 	2900 	5
1126 	2900 	1
2575 	2900 	20
3180 	2900 	16
3249 	2900 	47
3604 	2900 	16
4085 	2900 	9
4085 	0158 	2
535 	2900 	10
590 	0000 	2
590 	6510 	16
1386 	2900 	18
1686 	2900 	7
3479 	2900 	1
4178 	5800 	2
315 	2900 	3
409 	2900 	2
1282 	2900 	20
2108 	7910 	1
2108 	2900 	2
2380 	2900 	2
2380 	0392 	1
2913 	5880 	1
2913 	5840 	3
2913 	5810 	1
2913 	2900 	2
3343 	2900 	21
10 	2900 	1
603 	2900 	4
1736 	2900 	1
2425 	2900 	1
2613 	2900 	5
3784 	2900 	3
3866 	2900 	11
935 	5620 	1
1623 	2900 	5
1816 	2900 	22
2064 	2900 	2
2095 	2900 	6
2870 	2900 	3
3270 	2900 	27
3270 	0158 	5
3270 	9999 	2
3465 	2900 	4
3146 	2900 	1
4160 	2900 	7
507 	2900 	7
507 	0392 	2
639 	2900 	3
1023 	0392 	1
1023 	2900 	10
1120 	0392 	1
1120 	2900 	4
2224 	5960 	1
2365 	0158 	1
2365 	2900 	92
2394 	2900 	1
2730 	6042 	1
2730 	2900 	11
3650 	5620 	1
2412 	0392 	3
2412 	2900 	6
3102 	2900 	10
3547 	2900 	8
684 	2900 	2
1710 	0158 	1
2974 	0158 	1
286 	2900 	2
982 	1610 	3
982 	1210 	2
3033 	0392 	6
3033 	2900 	12
3553 	2900 	7
1995 	2900 	12
2222 	2900 	7
3316 	6020 	3
3316 	2900 	5
3765 	2900 	9
454 	2900 	9
543 	2900 	12
543 	0392 	7
554 	2900 	1
721 	6030 	5
721 	5850 	21
844 	2900 	21
850 	2900 	5
2071 	2900 	17
2071 	0392 	3
2468 	2900 	5
2559 	2610 	1
2559 	2900 	6
3096 	2900 	2
4112 	2900 	5
368 	2900 	1
368 	5800 	2
792 	2900 	4
865 	2900 	8
1413 	2900 	7
1742 	2610 	1
1742 	2900 	11
2788 	2900 	10
2788 	5840 	2
3877 	2900 	4
99 	2900 	5
216 	2900 	13
312 	2900 	5
1602 	2900 	1
1666 	2900 	2
2099 	2900 	2
3035 	2900 	12
4101 	2900 	2
1417 	2900 	7
1417 	0158 	3
2685 	2900 	1
2685 	0158 	4
3927 	2900 	9
369 	0392 	2
369 	1460 	1
369 	2900 	10
369 	1270 	1
448 	2900 	1
1029 	2900 	6
1880 	2900 	5
1880 	0392 	4
3334 	2900 	1
3457 	2900 	14
3533 	2900 	1
3862 	5840 	3
2444 	2900 	61
2444 	0158 	2
2902 	2900 	9
3346 	5840 	1
3346 	2900 	3
1588 	1310 	1
1588 	0392 	1
1588 	2900 	7
1790 	2900 	11
2315 	0392 	3
2315 	2900 	7
2419 	5880 	9
2419 	2900 	2
2419 	5810 	2
2419 	4200 	1
2419 	5883 	1
2804 	2900 	6
3499 	2900 	6
3499 	6900 	1
327 	2900 	1
1087 	0392 	1
1087 	2900 	3
1291 	2900 	3
1291 	0392 	2
1291 	5800 	1
2251 	1270 	1
2251 	2900 	4
265 	2900 	1
979 	2900 	11
1131 	0392 	1
1131 	1460 	1
1131 	2900 	11
1131 	1270 	1
3427 	2900 	2
47 	2900 	8
1041 	0608 	2
1041 	2900 	5
1191 	2900 	2
1655 	2900 	1
3627 	0392 	6
3627 	2900 	7
592 	2900 	2
2454 	2900 	6
2607 	2900 	10
3558 	3050 	2
3558 	2900 	4
3558 	6020 	3
4154 	2900 	2
760 	2900 	10
3445 	2900 	17
3503 	2900 	33
4122 	2900 	9
2637 	0392 	1
2637 	2900 	3
905 	2900 	3
1104 	2900 	7
1124 	2900 	25
2744 	2900 	12
2118 	2900 	25
2118 	6510 	1
2630 	0158 	2
2630 	2900 	23
3671 	2900 	17
3722 	2900 	7
823 	3610 	2
823 	3750 	1
823 	3612 	1
2075 	2900 	5
2344 	2900 	16
2671 	2900 	2
2671 	0392 	1
810 	2900 	9
1137 	2900 	68
2049 	2900 	1
2810 	1270 	6
3951 	2900 	8
183 	5510 	1
183 	2900 	5
650 	2900 	1
1157 	2900 	4
1285 	0392 	1
1285 	2900 	10
1604 	5850 	3
2415 	2900 	10
1 	2900 	1
782 	2900 	32
2509 	2900 	2
2509 	3750 	3
2727 	5510 	2
2727 	5620 	2
2727 	2900 	5
3078 	2900 	4
3893 	2900 	22
4151 	2900 	2
193 	2900 	7
623 	2900 	3
623 	0158 	3
807 	0158 	2
807 	2900 	4
1546 	2900 	8
1574 	2900 	3
1574 	0392 	1
2573 	2900 	7
2573 	0392 	7
2651 	2900 	7
2651 	0392 	2
3336 	2900 	5
341 	2900 	9
341 	0392 	2
565 	2900 	4
565 	0392 	1
1739 	2900 	11
2086 	2900 	24
2086 	0392 	7
2096 	2900 	3
2131 	2900 	15
2290 	2900 	1
3093 	2900 	3
3093 	0392 	1
3669 	2900 	4
2239 	2900 	3
3298 	2900 	11
105 	2900 	9
932 	1270 	1
932 	1460 	1
932 	2900 	15
1463 	2900 	9
1893 	2900 	24
228 	2900 	7
228 	0392 	1
233 	2900 	10
351 	0158 	2
351 	2900 	5
1857 	2900 	8
3329 	5840 	10
3645 	2900 	9
3645 	6510 	1
3645 	3040 	2
3883 	2900 	2
3883 	0158 	9
943 	2900 	6
1475 	2900 	1
1632 	2900 	57
1988 	0158 	1
4010 	2900 	16
158 	0158 	4
158 	2900 	15
1061 	6438 	7
1061 	6410 	1
1061 	6420 	8
1061 	6400 	13
1061 	6431 	1
1424 	5880 	1
1543 	0158 	3
2542 	5840 	3
2542 	2900 	8
2590 	2900 	13
2893 	2900 	3
582 	2900 	10
582 	0392 	7
968 	2900 	12
2249 	2900 	2
4210 	2900 	27
1609 	2900 	5
2550 	2900 	10
2661 	2900 	2
4035 	2900 	1
4186 	1210 	1
4186 	2900 	9
4186 	0392 	1
4202 	2900 	23
46 	5615 	1
46 	5610 	3
192 	2900 	10
379 	2900 	13
379 	0392 	2
478 	6900 	2
1572 	2900 	17
2174 	0000 	3
2174 	1940 	1
2504 	2900 	17
997 	2900 	1
1661 	2900 	11
1979 	2900 	7
2264 	2900 	49
2900 	3990 	10
2900 	2900 	2
4105 	2900 	7
308 	0158 	1
748 	2900 	3
1866 	6140 	1
1866 	5840 	1
1866 	5950 	4
2840 	2900 	20
3786 	2900 	21
3960 	2900 	3
4143 	2900 	14
2709 	1100 	1
2709 	2900 	13
4156 	2900 	23
385 	2900 	8
385 	0392 	7
468 	2900 	2
777 	2900 	3
777 	6052 	1
952 	9999 	4
2669 	2900 	6
3157 	2900 	1
3703 	2900 	6
3538 	5620 	2
3543 	0392 	3
3543 	2900 	10
3590 	0392 	2
3590 	2900 	11
461 	2900 	3
657 	2900 	23
657 	1000 	1
657 	0158 	1
735 	6500 	1
735 	2900 	2
735 	5840 	1
1581 	2900 	1
1654 	2900 	6
1654 	1210 	1
2244 	2900 	20
2277 	2900 	1
3217 	1210 	1
3217 	2900 	3
3831 	2900 	15
4016 	2900 	8
8 	2900 	1
101 	2900 	4
377 	2900 	1
692 	2900 	1
936 	5863 	1
936 	2900 	18
2189 	2900 	1
2209 	2900 	1
2236 	2900 	36
2236 	0158 	1
2632 	2900 	11
3760 	2900 	13
1536 	2900 	4
3014 	2900 	11
3327 	2900 	5
1234 	6510 	8
1234 	5512 	1
1234 	5510 	2
1441 	2900 	3
1441 	0392 	1
1951 	2900 	20
1951 	0158 	3
1735 	0158 	1
1735 	2900 	5
3227 	0158 	2
3706 	2900 	19
293 	2900 	9
1179 	2900 	9
1405 	2900 	1
113 	1210 	1
665 	2900 	13
1015 	2900 	4
1015 	2610 	1
1225 	5810 	7
1225 	6510 	1
1490 	2900 	1
1810 	2900 	27
1822 	2900 	11
2243 	2900 	19
2243 	0158 	2
2807 	2900 	16
2807 	0392 	7
3167 	3990 	7
3656 	2900 	6
4074 	2900 	6
168 	2900 	14
884 	2900 	5
1068 	2900 	25
2706 	2900 	3
2814 	0158 	1
416 	2900 	7
432 	2900 	54
950 	2900 	1
950 	5620 	1
1355 	2900 	4
1824 	2900 	4
2977 	2900 	7
4049 	2900 	40
40 	2900 	13
2450 	2900 	10
2450 	0158 	4
2639 	2900 	2
1290 	2900 	2
2055 	2900 	20
2329 	2900 	16
2715 	2900 	4
3733 	2900 	3
3932 	2900 	1
260 	2900 	2
2272 	0158 	1
2272 	2900 	8
343 	2900 	9
1484 	0392 	6
1484 	2900 	11
2168 	2900 	7
2481 	2900 	1
2722 	2900 	3
279 	2900 	1
567 	0392 	1
567 	2900 	7
733 	2900 	1
885 	5320 	13
885 	1340 	1
1205 	2900 	1
2183 	2900 	2
2183 	0158 	2
2183 	1210 	1
2247 	2900 	16
3685 	2900 	5
3788 	2900 	2
282 	4520 	2
299 	2900 	6
428 	1000 	1
1373 	4200 	1
1373 	5810 	3
1373 	5880 	3
1373 	2900 	4
2391 	2900 	6
600 	2900 	2
757 	2900 	1
757 	5800 	10
1972 	2900 	5
1984 	2900 	19
2479 	5840 	1
2479 	2900 	37
958 	2900 	2
1182 	2900 	17
1577 	2900 	15
1311 	2900 	8
1311 	0158 	5
1455 	2900 	6
1663 	2900 	3
2763 	0392 	1
2763 	2900 	17
3064 	2900 	5
3265 	2900 	8
3506 	2900 	7
3506 	0392 	5
3970 	0158 	1
3970 	2900 	2
83 	2900 	10
1333 	2900 	5
226 	0158 	1
226 	0392 	1
226 	2900 	11
1247 	2900 	11
1258 	1210 	1
1258 	0392 	1
1258 	2900 	2
1378 	5880 	1
2615 	2900 	20
3152 	2900 	21
3364 	2900 	6
3531 	5840 	1
3531 	9999 	1
3531 	2900 	2
4068 	2900 	1
4068 	6510 	1
262 	2900 	10
262 	3040 	2
1431 	2900 	7
1754 	2900 	15
1785 	2900 	1
2426 	2900 	2
2439 	2900 	3
3111 	0392 	5
3111 	2900 	13
3692 	2900 	1
4172 	0392 	1
4172 	2900 	2
1155 	2900 	1
1862 	2900 	9
3868 	2900 	2
686 	2900 	20
2228 	2900 	9
2465 	5950 	1
2465 	0392 	1
2465 	2900 	10
2610 	0158 	6
3303 	2900 	5
3303 	1480 	1
4022 	6140 	1
4022 	2900 	3
4114 	2900 	6
727 	2900 	12
1394 	2900 	6
1709 	6510 	1
1709 	3750 	3
1898 	2900 	5
3075 	5810 	5
19 	2900 	5
19 	0392 	1
1730 	2900 	1
896 	2900 	1
1236 	2900 	13
1460 	2900 	1
3241 	2900 	5
3393 	2900 	2
4128 	2900 	5
15 	2900 	11
629 	2900 	22
629 	0392 	1
629 	0158 	2
1913 	2900 	5
2330 	4520 	1
2330 	0158 	1
2827 	2900 	11
3727 	2900 	5
861 	2900 	2
861 	0392 	5
2125 	2900 	8
2282 	2900 	17
2563 	2900 	6
3625 	2900 	1
3996 	2900 	9
4086 	2900 	7
4144 	2900 	15
509 	2900 	1
2036 	2900 	4
2036 	1100 	2
2534 	2900 	4
2534 	7910 	1
3149 	5320 	2
3149 	5210 	2
3149 	1210 	1
3149 	1340 	5
3149 	2900 	1
1469 	2900 	4
1758 	2900 	2
1758 	1210 	1
2320 	3050 	1
2320 	2900 	8
2523 	2900 	12
3655 	3040 	1
3655 	3060 	1
3655 	2900 	7
3802 	2900 	24
2371 	2900 	3
2371 	0392 	1
2781 	2900 	22
3670 	2900 	38
3670 	0158 	3
3839 	5820 	2
3936 	2900 	5
3977 	2900 	1
3977 	3140 	1
655 	2900 	16
1134 	3080 	2
1134 	3030 	1
1134 	3010 	1
1134 	2900 	10
2490 	2900 	3
2992 	2900 	7
3137 	2900 	12
3435 	3040 	2
3435 	2900 	42
3435 	4510 	1
3938 	2900 	7
624 	2900 	5
1589 	2900 	44
2965 	2900 	5
3211 	0392 	1
3211 	2900 	5
3335 	0392 	4
3335 	2900 	6
258 	2900 	5
1598 	2900 	4
1864 	2900 	1
2057 	2900 	11
3544 	2900 	1
3688 	2900 	106
3953 	2900 	1
71 	2900 	12
161 	2900 	3
1379 	2900 	10
3361 	2900 	14
3388 	2900 	5
3950 	2900 	21
3950 	0392 	14
147 	2900 	11
508 	2900 	6
977 	0158 	1
977 	2900 	22
1950 	2900 	4
2192 	2900 	10
2192 	0158 	2
2570 	3990 	13
3676 	2900 	1
4082 	2900 	4
4082 	0158 	2
445 	2900 	22
512 	0158 	1
512 	2900 	1
1045 	2900 	3
1653 	2900 	4
1653 	4910 	1
1809 	2900 	2
2667 	0392 	1
2667 	2900 	11
1127 	2900 	8
1223 	2900 	5
1916 	2900 	13
2229 	2900 	23
2830 	2900 	7
3192 	2900 	3
3554 	2900 	12
157 	2900 	9
1757 	2900 	9
1853 	2900 	18
2226 	2900 	2
2435 	2900 	1
2582 	2900 	2
3109 	2900 	8
3963 	3990 	26
683 	2900 	5
683 	6020 	2
828 	0392 	5
828 	2900 	11
1778 	2900 	6
2288 	2900 	20
3997 	2900 	15
86 	6512 	1
86 	6654 	2
86 	2210 	1
86 	6510 	1
878 	2900 	18
1237 	0158 	4
1237 	2900 	2
1879 	2900 	3
2024 	6510 	2
3257 	2900 	23
3272 	2900 	4
4089 	0392 	1
4089 	2900 	7
772 	2900 	7
1007 	2900 	12
1712 	2900 	14
1712 	1270 	2
1712 	1460 	1
2066 	0392 	3
2066 	2900 	15
2513 	4910 	8
2513 	4980 	3
3047 	2900 	1
3345 	2900 	2
3548 	2900 	3
65 	2900 	17
307 	2900 	2
1306 	2900 	11
1409 	6900 	1
3170 	2900 	10
3206 	2900 	3
3297 	2900 	4
3755 	6030 	1
360 	2900 	7
1746 	2900 	2
2314 	2900 	1
2528 	2900 	20
2544 	2900 	2
3094 	2900 	4
3487 	2900 	5
41 	2900 	6
2056 	2900 	6
492 	6510 	1
492 	3050 	1
1750 	2900 	1
1750 	0158 	2
2714 	2900 	3
2887 	0158 	2
2887 	2900 	2
732 	2900 	13
2338 	2900 	2
2424 	0158 	2
2424 	2900 	1
3490 	2900 	19
1080 	2900 	4
2187 	2900 	13
2187 	0158 	2
2579 	8210 	1
3127 	2900 	16
298 	2900 	3
899 	6510 	1
899 	2900 	5
3163 	2900 	6
3962 	5840 	1
3962 	2900 	3
3973 	8830 	1
3973 	2230 	4
121 	2900 	2
395 	2900 	3
400 	2900 	1
784 	2900 	5
1013 	2900 	7
1232 	2900 	11
1552 	2900 	4
1957 	0158 	1
1961 	3990 	5
2797 	2900 	2
1008 	2900 	14
1358 	2900 	17
1526 	2900 	10
2077 	2900 	2
2077 	5510 	1
3983 	2900 	14
69 	2900 	5
571 	2900 	1
962 	2900 	15
1201 	2900 	2
2384 	0158 	1
2384 	2900 	1
3256 	2900 	1
3256 	5840 	4
211 	2900 	20
358 	2900 	11
3319 	2900 	1
3501 	2900 	4
3501 	0158 	1
198 	0158 	16
198 	2900 	1
900 	2900 	1
900 	0158 	4
2966 	4520 	26
3107 	2900 	2
24 	2900 	6
1383 	2900 	5
1560 	2900 	18
2257 	1100 	1
2257 	0158 	1
2708 	1100 	4
2708 	2900 	1
3057 	5840 	2
3057 	2900 	13
304 	0392 	1
304 	2900 	8
1633 	2900 	17
2220 	2900 	3
2357 	2900 	1
3121 	2900 	6
3240 	2900 	7
4065 	2900 	6
2815 	2900 	6
2815 	0158 	1
2885 	2900 	40
3090 	1000 	1
3090 	1293 	1
3090 	5510 	1
3198 	0158 	2
1064 	2900 	6
2028 	2900 	17
2100 	2900 	35
3957 	2900 	1
3957 	5840 	2
4055 	2900 	11
281 	6900 	2
420 	2900 	1
420 	6020 	9
1993 	2900 	12
2397 	0158 	1
2397 	2900 	6
2819 	2900 	14
3482 	2900 	3
3482 	0392 	6
1105 	2900 	22
1132 	0158 	1
2735 	2900 	4
2735 	5800 	1
2735 	0392 	2
560 	3990 	6
1548 	1210 	4
1548 	1224 	2
1593 	2900 	21
2829 	1100 	1
2961 	2900 	2
3726 	2900 	13
3726 	0392 	7
4145 	2900 	12
4145 	0392 	1
73 	0158 	3
73 	2900 	2
1195 	2900 	4
1195 	5840 	1
1496 	2900 	2
1787 	2900 	1
2002 	2900 	4
3410 	2900 	1
3525 	2900 	3
3700 	2900 	11
3905 	2900 	1
2026 	2900 	11
3968 	2900 	1
1507 	2900 	4
1854 	2900 	24
66 	2900 	6
309 	2900 	2
2012 	0158 	2
2012 	2900 	1
2160 	2900 	1
2340 	2900 	32
3754 	2900 	1
339 	2900 	2
339 	5810 	1
339 	5840 	8
438 	1210 	6
438 	1224 	3
438 	0000 	1
466 	2900 	10
466 	0158 	2
1966 	0158 	1
3653 	0392 	6
3653 	2900 	11
3857 	4520 	3
703 	2900 	11
2787 	2900 	26
918 	2900 	18
1235 	2900 	35
1590 	2900 	11
1650 	0158 	2
1650 	2900 	2
1650 	1100 	1
1897 	2900 	19
2826 	0158 	2
2826 	2900 	17
3684 	2900 	1
956 	2900 	1
1911 	5840 	1
1911 	2900 	5
2812 	2900 	1
3872 	0158 	3
924 	2900 	1
1318 	2900 	4
1318 	7310 	1
1385 	2900 	9
2821 	2900 	1
3186 	2900 	2
27 	0158 	2
27 	2900 	24
803 	2900 	2
803 	9999 	1
808 	2900 	3
2877 	2900 	9
2877 	6510 	1
453 	2900 	1
1231 	2900 	2
1231 	3930 	1
2324 	1210 	1
2324 	2900 	26
2805 	5840 	1
2805 	2900 	1
2865 	3052 	2
2865 	3050 	1
3259 	2900 	2
3562 	2900 	4
100 	0392 	10
100 	2900 	22
586 	2900 	7
586 	0392 	1
1119 	0158 	3
1119 	2900 	7
1121 	2900 	11
1121 	0392 	7
1214 	2900 	13
1216 	7910 	2
2616 	2900 	23
2616 	0158 	3
2704 	2900 	3
2704 	5840 	1
3735 	3010 	1
3735 	0608 	1
3735 	3080 	1
3735 	2900 	9
3735 	3110 	1
537 	2900 	19
648 	6510 	1
648 	2900 	18
1106 	5510 	1
1106 	2900 	10
1180 	2900 	7
1704 	3750 	2
1942 	2900 	11
3458 	2900 	6
3723 	2900 	4
2009 	5620 	1
490 	2900 	3
1499 	2900 	5
1791 	2900 	13
2155 	1100 	1
2155 	2900 	9
4033 	5840 	2
4033 	2900 	11
208 	0158 	4
208 	2900 	2
1114 	2900 	7
2621 	2900 	37
2809 	2900 	2
3048 	1260 	1
3048 	2900 	13
3290 	2900 	1
3637 	2900 	3
3 	2900 	5
3 	0392 	2
3 	1270 	2
1520 	4520 	1
2021 	5810 	1
2021 	2900 	10
2475 	2720 	1
2475 	2900 	4
4102 	2610 	1
4102 	2900 	3
1446 	2900 	4
1934 	2900 	1
1947 	3050 	3
2462 	2750 	1
2462 	2900 	2
496 	2900 	13
617 	2900 	2
643 	2900 	10
643 	0392 	2
1109 	2900 	15
1705 	2900 	7
1775 	2900 	1
3333 	0392 	7
3333 	2900 	6
510 	2900 	8
763 	2900 	6
1400 	2900 	10
1492 	2900 	7
1492 	0158 	2
2293 	2900 	6
2436 	0158 	4
3647 	2900 	3
78 	0392 	4
759 	2900 	29
2617 	2900 	3
2863 	5620 	16
3381 	2900 	4
3478 	2900 	7
4131 	2900 	7
1032 	2900 	10
1384 	5810 	3
381 	2900 	20
2428 	2900 	10
2428 	0392 	2
2847 	0392 	1
2847 	2900 	9
2874 	2900 	6
2874 	0158 	1
3574 	2900 	1
3711 	2900 	16
556 	2900 	9
851 	2900 	1
1281 	2900 	10
1281 	0392 	3
1452 	2900 	2
2119 	2900 	3
3426 	2900 	24
4029 	2900 	35
128 	6030 	1
128 	5920 	2
604 	2900 	5
1323 	0158 	4
1323 	2900 	1
2018 	2900 	1
2839 	2900 	3
1562 	2900 	18
1562 	4520 	1
3277 	2900 	1
3277 	0158 	1
3989 	5953 	1
3989 	2900 	6
697 	2900 	20
957 	2900 	7
957 	0158 	2
1103 	2900 	2
1307 	2900 	1
1926 	2900 	8
3181 	2610 	1
3305 	2900 	14
575 	0392 	4
575 	2900 	9
669 	0392 	2
669 	2900 	5
780 	2900 	2
780 	0158 	1
2947 	2900 	9
870 	2900 	11
1197 	2900 	12
2994 	2900 	2
2994 	0158 	1
3126 	2900 	9
3362 	2900 	2
3524 	2900 	37
581 	2900 	1
868 	1210 	2
868 	2900 	1
2981 	2900 	6
4187 	5850 	3
28 	3080 	1
28 	3110 	1
28 	3010 	1
28 	2900 	7
678 	2900 	19
1185 	0392 	3
1185 	2900 	5
366 	2900 	11
2061 	2900 	10
3063 	0158 	1
3063 	2900 	1
3519 	2900 	22
104 	2900 	3
421 	2900 	16
1803 	2900 	5
1875 	2900 	15
2312 	2900 	1
2861 	2900 	3
2861 	0392 	1
3561 	2900 	4
186 	2900 	5
788 	2900 	12
1004 	6020 	5
1024 	2900 	9
1024 	0158 	3
3843 	5890 	1
3843 	5810 	4
3843 	5920 	1
1624 	2900 	16
3651 	2900 	20
3651 	0158 	2
3867 	2900 	3
3876 	2900 	1
371 	2900 	3
1303 	2900 	37
1640 	2900 	1
2562 	2900 	7
196 	2900 	2
518 	2900 	15
573 	2900 	6
698 	2900 	40
961 	2900 	2
2039 	0158 	4
3236 	2900 	15
3447 	2900 	2
3773 	2900 	7
3884 	2900 	14
3884 	3050 	1
423 	2900 	10
666 	2900 	29
1168 	2900 	8
2305 	2900 	1
2680 	1340 	1
2680 	1310 	1
2680 	2900 	9
2778 	2900 	18
3300 	2900 	80
348 	2900 	7
1000 	2900 	10
1138 	2900 	19
1687 	2900 	1
2571 	2900 	30
2571 	0158 	1
194 	1430 	1
194 	1270 	2
194 	2900 	6
521 	5840 	1
626 	2900 	10
626 	0392 	7
1433 	2900 	2
1768 	2900 	12
1901 	0158 	1
1901 	2900 	7
3264 	2900 	1
188 	0158 	1
188 	2900 	8
1453 	0392 	2
1453 	2900 	6
1564 	0158 	2
1564 	2900 	10
1629 	4520 	5
2612 	2900 	30
2612 	3020 	4
2689 	2900 	5
2692 	2900 	1
3154 	2900 	4
2023 	2900 	3
3705 	2900 	193
330 	2900 	4
407 	2900 	2
2375 	0392 	1
2375 	2900 	10
3317 	2900 	4
138 	0392 	1
138 	2900 	3
239 	2900 	3
596 	5840 	2
3066 	2900 	49
3350 	5800 	4
3939 	6510 	1
4025 	2900 	2
1150 	2900 	25
1516 	2900 	8
2195 	2900 	2
2219 	2900 	14
2477 	2900 	8
3485 	2900 	3
3485 	1210 	1
3840 	2900 	9
425 	2900 	15
462 	2900 	2
854 	2900 	10
1550 	2900 	6
1779 	2900 	2
2592 	2900 	22
3882 	2900 	21
3882 	0158 	1
244 	1210 	1
244 	1610 	2
559 	0392 	4
559 	2900 	15
694 	2900 	5
3205 	2900 	15
3871 	2900 	2
1684 	2900 	3
2250 	2900 	2
2488 	2900 	7
2488 	4520 	1
2670 	2900 	10
3032 	2900 	3
3032 	0392 	2
3201 	2900 	2
3396 	2900 	28
3629 	2900 	6
795 	2900 	5
995 	2900 	3
1587 	2900 	8
2437 	2900 	6
3085 	2900 	20
106 	2900 	8
1251 	0392 	5
1251 	2900 	11
1478 	2900 	4
1679 	2900 	7
2491 	2900 	8
2734 	0158 	3
3744 	2900 	12
3841 	2610 	1
3841 	2900 	2
58 	2900 	4
58 	3020 	1
58 	0392 	1
593 	0158 	1
975 	2900 	3
1043 	2900 	6
1169 	5840 	3
1600 	1310 	2
1600 	6900 	1
1600 	2900 	28
2135 	0392 	2
2135 	2900 	10
2665 	2900 	1
1766 	2900 	11
1890 	2900 	8
2911 	2900 	14
3275 	2900 	2
3443 	2900 	18
3904 	2900 	1
56 	2900 	14
840 	2900 	4
1524 	2900 	4
1617 	0158 	2
1617 	2900 	18
3193 	0392 	1
3193 	2900 	6
4071 	2900 	15
11 	2900 	2
1856 	2900 	1
1856 	0158 	1
3729 	2900 	1
4111 	2900 	1
1329 	0392 	1
1393 	2900 	1
1631 	2900 	3
1756 	2900 	3
1756 	5810 	1
1756 	5883 	1
1771 	2900 	1
1860 	2900 	1
2164 	2900 	2
98 	2900 	2
1161 	2900 	4
1522 	2900 	8
1522 	0392 	1
1544 	0392 	3
1544 	2900 	4
1639 	6020 	11
1639 	2900 	3
1639 	0158 	1
1639 	3050 	1
1752 	7910 	1
2691 	2900 	1
3196 	3990 	5
3196 	1310 	1
405 	2900 	2
566 	2900 	10
2081 	2900 	7
2751 	2900 	4
3028 	2900 	15
4005 	2900 	6
1229 	2900 	51
3789 	6510 	1
3789 	2900 	70
499 	5800 	1
499 	4520 	26
499 	4730 	1
939 	0158 	1
2404 	2900 	2
1990 	2900 	6
980 	2900 	4
1108 	2900 	32
1219 	2900 	1
1286 	2900 	37
1887 	2900 	15
3398 	7310 	2
3398 	2900 	15
3776 	2900 	19
1896 	2900 	1
3392 	2900 	16
411 	2900 	27
702 	2900 	6
1477 	2900 	8
4060 	2900 	27
806 	2900 	1
2749 	0392 	2
2749 	2900 	4
647 	2900 	69
969 	2900 	2
2169 	0392 	1
2169 	2900 	7
2801 	2900 	14
4054 	4520 	1
4054 	0000 	1
4054 	5840 	1
137 	0392 	5
137 	2900 	3
1077 	2900 	49
1117 	2900 	2
1275 	2900 	3
1497 	2900 	5
1918 	2900 	2
2388 	2900 	5
3136 	2900 	8
3246 	2900 	3
3377 	0392 	4
3377 	2900 	7
654 	2900 	67
793 	2900 	3
908 	5840 	3
1288 	2900 	6
1494 	0392 	5
1494 	2900 	16
1859 	2900 	3
3718 	2900 	4
4006 	2900 	6
695 	2900 	1
713 	2900 	1
1221 	2900 	4
1309 	2900 	7
2539 	2900 	4
3820 	0392 	1
3820 	2900 	9
3940 	0158 	3
4127 	5840 	2
4127 	2900 	17
1377 	1270 	3
1724 	2900 	3
465 	2900 	5
602 	2900 	2
776 	2900 	18
2254 	2900 	1
2254 	0392 	2
948 	2900 	2
990 	0392 	2
990 	2900 	18
1098 	0392 	1
1098 	2900 	5
1767 	0158 	3
1767 	2900 	7
3139 	2900 	13
3166 	2900 	1
229 	1260 	1
229 	2900 	3
942 	2900 	2
1657 	2900 	2
2748 	2900 	3
2855 	0158 	1
691 	0158 	1
691 	2900 	7
1273 	2900 	3
1361 	2900 	7
2447 	2900 	4
2577 	2900 	18
2677 	2900 	6
2677 	0158 	4
2971 	2900 	1
3807 	2900 	3
210 	2900 	30
319 	2900 	1
319 	0158 	3
398 	2900 	4
653 	2900 	3
659 	2900 	1
1923 	2900 	13
1924 	2900 	2
3467 	2690 	1
749 	6510 	1
749 	2900 	25
825 	2900 	17
825 	0392 	1
1747 	2900 	3
3710 	2900 	2
364 	2900 	2
766 	0158 	1
766 	2900 	1
1410 	2900 	7
1949 	2900 	2
1949 	6020 	5
3930 	2900 	4
1010 	2900 	2
1062 	2900 	6
2595 	0158 	1
2595 	2900 	13
3441 	2900 	26
3441 	0392 	4
195 	2900 	3
612 	2900 	4
1994 	0158 	1
1994 	2900 	8
2485 	4520 	1
2485 	5840 	1
2625 	2900 	4
2928 	2900 	5
2928 	0392 	1
2928 	1270 	1
230 	5630 	2
1079 	0392 	1
1079 	2900 	36
1462 	2900 	5
1869 	2900 	8
2409 	2900 	7
3055 	2900 	9
3382 	2900 	2
3382 	5840 	2
3569 	2900 	2
3630 	2900 	16
4167 	0392 	4
770 	2900 	1
2556 	2900 	11
2556 	0392 	1
3118 	2900 	12
3266 	2900 	25
3492 	2900 	3
3492 	0392 	6
1359 	5960 	7
1359 	6030 	2
3527 	2900 	2
171 	2900 	9
171 	0392 	5
457 	2900 	6
457 	0158 	1
2711 	5810 	1
2711 	2900 	4
2711 	0392 	2
3132 	5210 	1
390 	6020 	5
874 	2900 	26
1561 	0158 	1
1561 	1100 	1
2316 	2900 	9
2591 	2900 	9
3258 	2900 	1
3293 	7310 	1
3293 	2900 	51
3542 	6510 	1
3542 	5810 	6
3542 	6730 	28
3542 	6739 	3
3542 	5883 	3
3542 	5880 	9
401 	2900 	16
775 	2900 	1
2782 	0158 	2
2782 	2900 	5
2817 	2900 	1
2906 	2900 	7
3372 	2900 	1
3372 	6020 	5
3431 	7310 	10
3431 	5810 	2
3431 	7360 	5
3431 	7010 	4
841 	1000 	1
2894 	2900 	7
3171 	2900 	7
3717 	6510 	1
3717 	2900 	12
4110 	2900 	3
1253 	2900 	3
1294 	6042 	1
1294 	2900 	1
1691 	2900 	43
1691 	0392 	1
2235 	2900 	11
2256 	0158 	1
201 	0392 	5
201 	2900 	3
273 	5840 	1
273 	2900 	33
361 	2900 	1
555 	0158 	1
1293 	2900 	3
1293 	0392 	1
1575 	2900 	2
2141 	1100 	2
2141 	2900 	10
2385 	3750 	7
2385 	6900 	1
217 	2900 	26
431 	2900 	1
1454 	2900 	21
3920 	2900 	3
4015 	2900 	7
584 	2900 	11
2306 	2900 	33
2448 	2900 	47
2724 	5840 	2
2724 	2900 	9
2766 	2900 	3
3310 	0392 	5
3310 	2900 	30
3771 	2900 	6
3853 	2900 	3
3899 	5620 	1
3899 	2900 	3
94 	2900 	1
212 	2900 	20
225 	2900 	3
225 	5800 	1
277 	2900 	32
1213 	2900 	8
2291 	6020 	8
3917 	2900 	11
4159 	5810 	1
26 	2900 	17
26 	0392 	2
989 	4910 	1
1073 	2900 	10
1089 	5810 	1
1089 	2900 	5
1668 	0158 	1
1668 	2900 	13
2091 	4988 	3
2723 	2900 	10
2723 	5840 	3
3416 	2900 	5
3416 	0392 	1
3440 	2900 	1
3753 	2900 	3
4209 	2900 	3
320 	2900 	4
2062 	3140 	1
3452 	2900 	1
1022 	2900 	11
2172 	2900 	16
4158 	2900 	16
4158 	0392 	1
181 	2900 	11
227 	2900 	4
789 	2900 	1
2148 	6020 	1
2148 	2900 	4
2473 	0392 	1
2473 	2900 	10
2713 	2900 	4
3606 	2900 	20
3606 	0158 	1
3834 	2900 	1
234 	2900 	4
382 	2900 	1
2180 	2900 	55
2180 	3020 	1
2493 	2900 	2
2963 	2900 	13
6 	2900 	8
853 	0158 	2
853 	2900 	20
1123 	2900 	17
1786 	2900 	6
2663 	5920 	1
2663 	5923 	1
2732 	2900 	3
3312 	0158 	3
3312 	2900 	10
3412 	2900 	1
447 	2900 	4
1573 	2900 	5
1912 	2900 	3
2701 	3050 	1
2701 	2900 	5
2800 	2900 	1
2800 	5530 	1
3804 	2900 	9
4168 	1430 	1
4168 	2900 	4
4168 	1270 	1
331 	2900 	4
331 	0392 	3
1365 	2900 	5
3230 	0392 	5
3230 	2900 	13
2208 	2900 	3
2674 	1210 	12
2674 	1227 	2
3074 	5840 	1
3074 	2900 	5
3355 	2900 	5
152 	2900 	6
1702 	2900 	1
2529 	2900 	5
3791 	2900 	2
3873 	2900 	15
4203 	2900 	5
714 	2900 	3
1559 	2900 	15
1751 	2900 	16
2369 	2900 	8
2799 	2900 	2
3399 	2900 	14
81 	2900 	7
235 	2900 	1
463 	2900 	6
463 	0158 	2
487 	5610 	2
487 	2900 	1
2351 	2900 	5
3228 	2900 	111
562 	2900 	34
597 	5810 	1
597 	2900 	11
758 	2900 	3
992 	2900 	7
992 	0392 	1
1658 	2900 	5
1658 	0392 	4
3242 	2900 	8
3242 	0392 	2
3612 	2900 	1
893 	2900 	30
897 	1210 	2
897 	1000 	1
897 	2900 	6
1558 	2900 	4
2773 	1210 	2
2773 	2900 	18
2773 	0158 	4
3830 	2900 	17
472 	2900 	9
1482 	2900 	9
1482 	0392 	6
2660 	2900 	9
3034 	2900 	2
3391 	2900 	7
3391 	0392 	3
3391 	5810 	1
3391 	5820 	1
4194 	2900 	1
399 	2900 	14
1362 	0392 	1
1362 	2900 	11
2185 	2900 	1
2623 	2900 	10
2796 	2900 	2
3680 	0392 	2
3680 	2900 	12
3824 	2900 	1
4191 	2900 	5
48 	5840 	2
48 	2900 	11
2093 	2900 	46
2093 	6510 	1
2886 	1038 	4
2886 	5840 	1
84 	6900 	1
342 	2900 	2
1144 	2900 	6
1659 	2900 	8
2516 	2900 	12
2516 	0392 	1
3743 	0158 	2
3911 	2900 	1
159 	2900 	2
1244 	0158 	4
1244 	2900 	4
1349 	2900 	3
2395 	2900 	21
2858 	2900 	3
2923 	2900 	12
4042 	2900 	18
4042 	0392 	5
31 	2900 	14
646 	2900 	23
773 	3040 	2
773 	2900 	21
1734 	2900 	9
1734 	1100 	7
1958 	2900 	7
2432 	2900 	3
2432 	6020 	4
3337 	2900 	3
3497 	2900 	4
4129 	5850 	7
4196 	2900 	5
204 	3110 	1
204 	2900 	11
253 	2900 	7
526 	2900 	3
526 	6020 	11
526 	3050 	3
526 	0158 	1
549 	2900 	2
2993 	2900 	6
3004 	2900 	1
701 	2900 	9
1613 	2900 	2
1975 	5620 	1
1975 	2900 	3
2952 	2900 	4
4001 	2900 	2
0 	2900 	2
513 	2900 	6
1033 	5840 	1
1504 	5840 	3
1863 	2900 	2
1945 	2900 	4
1162 	2900 	5
1268 	2900 	3
1268 	1340 	1
1268 	1210 	1
2007 	2900 	16
2007 	0392 	5
2015 	2900 	5
2358 	2900 	62
3556 	2900 	6
1881 	2900 	16
2867 	0158 	1
2867 	2900 	16
3252 	0392 	5
3252 	2900 	7
3338 	2900 	2
3338 	0392 	5
3507 	0158 	1
4195 	2900 	1
687 	0392 	2
687 	5800 	1
687 	2900 	5
1021 	2900 	5
2001 	2900 	1
2001 	5840 	1
2080 	3670 	1
2857 	2900 	51
881 	2900 	1
1698 	2900 	27
2063 	2900 	16
2470 	2900 	1
2716 	2610 	1
2716 	2900 	3
2873 	2900 	2
3887 	2900 	2
3956 	2900 	14
3956 	0000 	1
3956 	0392 	5
57 	2900 	4
640 	2900 	3
1920 	2900 	1
1920 	1270 	1
2649 	2900 	5
213 	2900 	15
1678 	2900 	16
1982 	5920 	1
1982 	6030 	2
1982 	5810 	1
2407 	2900 	2
2964 	0158 	1
2964 	2900 	1
3394 	2900 	1
3570 	0392 	2
3570 	2900 	27
613 	2900 	4
863 	2900 	8
1177 	2900 	5
2309 	5840 	1
2309 	2900 	2
2784 	2900 	3
3030 	2900 	1
4061 	2900 	7
1055 	2900 	10
1055 	1100 	2
1472 	2900 	6
1472 	0158 	2
1965 	2900 	10
1965 	0392 	1
1088 	2900 	1
787 	2900 	43
2976 	0158 	1
3024 	2900 	18
1964 	2900 	12
2733 	2900 	15
481 	2900 	5
706 	6140 	1
706 	2900 	8
1113 	2900 	37
3397 	2900 	2
437 	2900 	7
901 	2900 	1
1960 	2900 	2
2455 	2900 	5
3202 	2900 	14
3209 	0158 	3
301 	2900 	5
301 	0392 	3
801 	2900 	1
822 	2900 	1
1067 	2900 	17
1067 	0392 	4
1262 	2900 	10
1312 	2900 	3
1795 	3990 	8
1795 	1210 	1
2922 	2900 	14
3483 	2900 	2
3483 	0608 	1
3702 	5840 	1
941 	2900 	2
1039 	2900 	1
1566 	2900 	2
1681 	0392 	12
1681 	2900 	21
2047 	2900 	1
1239 	2900 	3
2884 	0392 	1
2884 	2900 	2
3752 	2900 	2
367 	0158 	1
1763 	0392 	1
1763 	2900 	19
1763 	1100 	1
3091 	5840 	11
3091 	2900 	1
3621 	2900 	1
4162 	3990 	6
4162 	1240 	1
383 	2900 	1
477 	2900 	5
1744 	5840 	3
1744 	2900 	15
1831 	5840 	1
1831 	3750 	1
1831 	3753 	4
2431 	2900 	2
2431 	5620 	3
2505 	0392 	1
2505 	2900 	15
2987 	3990 	20
3023 	2900 	3
3794 	0392 	2
3794 	2900 	14
3794 	0158 	1
3921 	2900 	18
4044 	2900 	10
4044 	0392 	1
91 	2900 	4
1955 	2900 	3
1955 	0392 	1
2868 	2900 	16
4090 	2900 	2
816 	2900 	6
1255 	6020 	12
1255 	3050 	2
1255 	2900 	3
1255 	0158 	1
1357 	5800 	1
1910 	2900 	1
2332 	2900 	3
3622 	2900 	5
3622 	2610 	1
947 	2900 	8
1616 	2900 	7
2166 	2900 	3
2218 	2900 	7
569 	2900 	4
824 	2900 	3
903 	2900 	6
903 	0392 	1
1487 	0158 	5
1487 	2900 	2
1952 	2900 	15
2232 	6350 	2
2232 	2900 	7
2554 	2900 	37
2681 	2900 	5
2681 	6042 	1
534 	0392 	7
534 	2900 	10
1501 	3050 	1
1501 	2900 	12
4126 	2900 	9
4147 	2900 	15
750 	2900 	9
827 	2900 	3
827 	0158 	1
1175 	2900 	1
1726 	0158 	1
1844 	0158 	3
1844 	2900 	10
849 	2900 	2
1146 	2900 	2
1422 	2900 	5
1422 	0392 	1
2196 	2900 	18
570 	2900 	2
1874 	2900 	2
1928 	2900 	3
2515 	6020 	8
2515 	2900 	1
3003 	1000 	1
3005 	2900 	3
4121 	4520 	2
2349 	2900 	17
2764 	2900 	3
3232 	2900 	16
3291 	2900 	4
3291 	7310 	5
3515 	2900 	5
3914 	0392 	6
3914 	2900 	11
3922 	2900 	2
3922 	0158 	2
890 	2900 	1
890 	0158 	1
3010 	0392 	6
3010 	2900 	11
837 	2900 	24
837 	0392 	2
1020 	2900 	1
2283 	2900 	1
1570 	2900 	4
1933 	2900 	5
2178 	2900 	6
2201 	2900 	1
3484 	2900 	9
3484 	6510 	2
517 	2900 	6
843 	2900 	19
879 	2900 	5
2157 	2900 	1
2429 	2900 	8
3964 	6042 	1
166 	2900 	19
166 	0158 	1
191 	2900 	18
3175 	2900 	16
3593 	2900 	3
4104 	2900 	6
4104 	4910 	1
1196 	2900 	1
2769 	2900 	12
3805 	2900 	3
4190 	5610 	1
44 	2900 	3
150 	1210 	2
532 	5215 	1
532 	5210 	1
532 	2900 	2
539 	2900 	1
833 	5840 	1
833 	2900 	1
2154 	2900 	16
3220 	0392 	1
3220 	2900 	34
441 	2900 	14
804 	2900 	2
3693 	2900 	24
937 	0158 	2
937 	2900 	3
1198 	3990 	9
1198 	1240 	1
2719 	2900 	5
2892 	2900 	16
2892 	0392 	4
3900 	2900 	8
3984 	0158 	1
1503 	2900 	5
1503 	0158 	2
1532 	2900 	7
2933 	2900 	14
3134 	2900 	12
1467 	0392 	2
1467 	2900 	6
1467 	5800 	1
3237 	2900 	1
3288 	2900 	6
3288 	1340 	1
1956 	2900 	1
3208 	2900 	6
3208 	0392 	2
4141 	2900 	194
631 	2900 	23
661 	2900 	1
887 	2900 	4
1817 	2900 	4
2139 	7910 	1
2139 	2900 	1
2139 	0392 	1
2585 	2900 	89
3039 	2900 	13
4100 	2900 	5
987 	2900 	6
987 	5810 	6
987 	5883 	2
1642 	2900 	21
2022 	2900 	8
4064 	2900 	5
87 	2900 	2
120 	2900 	19
1319 	2900 	2
1416 	2900 	5
1416 	0392 	1
2393 	1000 	3
2393 	4910 	7
2393 	2900 	7
3122 	2900 	10
3122 	4520 	1
3122 	0392 	1
1829 	0392 	1
1829 	2900 	3
2054 	2900 	12
2980 	2900 	22
3689 	2900 	2
2650 	2900 	1
2650 	0158 	1
3015 	2900 	22
3511 	2900 	2
3617 	2900 	6
3617 	0392 	1
3641 	2900 	2
3944 	2900 	1
4052 	2900 	21
243 	2900 	3
274 	2900 	12
3981 	2900 	21
4099 	7910 	1
357 	2900 	4
1153 	2900 	11
1635 	1210 	6
1635 	2900 	2
2497 	2900 	3
2518 	2900 	2
2934 	2900 	2
3097 	6020 	5
3097 	2900 	4
3315 	2900 	37
3315 	0392 	1
3315 	3080 	1
2511 	2900 	10
2737 	2900 	27
3185 	2900 	11
3991 	2900 	16
791 	2900 	3
798 	5810 	1
798 	5840 	13
1222 	2900 	6
1541 	3040 	1
1541 	2900 	5
1748 	2900 	1
1922 	2900 	6
3354 	2900 	61
3354 	0392 	1
3643 	2900 	4
1387 	2900 	5
1938 	0392 	12
1938 	2900 	27
2457 	2900 	4
2912 	2900 	12
4040 	2900 	95
142 	0392 	1
142 	2900 	5
945 	6590 	2
1555 	2900 	4
1555 	4730 	1
3591 	5620 	1
3591 	2900 	1
3591 	5510 	1
3837 	2900 	1
203 	2900 	5
1976 	2900 	2
3555 	2900 	1
4106 	2900 	7
1407 	2900 	2
2029 	2900 	6
2029 	0158 	1
1038 	2900 	18
1038 	0158 	1
1445 	2900 	5
1815 	2900 	8
1815 	0392 	4
2373 	2900 	4
2427 	2900 	21
2427 	0392 	1
3662 	2900 	1
1206 	2900 	2
1818 	2900 	4
2712 	2900 	10
2712 	0392 	4
3325 	2900 	4
30 	2900 	7
619 	2900 	24
619 	0392 	7
802 	2900 	5
2197 	2900 	1
2602 	2900 	11
3919 	2900 	24
3919 	0392 	10
550 	4520 	2
550 	2900 	18
557 	5880 	1
1320 	2900 	1
1669 	2900 	81
1900 	0392 	1
1900 	2900 	5
2181 	2900 	3
2343 	5840 	1
2343 	6510 	1
386 	0392 	4
386 	2900 	16
446 	2900 	34
446 	0392 	1
2045 	2900 	13
3214 	2900 	1
1325 	2610 	1
1325 	2900 	4
1680 	2900 	12
2772 	2900 	25
2772 	7910 	2
2772 	0158 	6
3138 	2900 	1
3138 	6020 	13
1721 	2900 	12
2789 	2900 	7
3112 	2900 	1
3172 	2900 	19
3172 	0392 	13
3537 	0392 	1
3728 	2900 	8
3988 	2900 	16
790 	2900 	2
829 	0392 	12
829 	2900 	16
1063 	2900 	10
1703 	0392 	3
1703 	2900 	1
2880 	2900 	1
3674 	2900 	14
3976 	2900 	4
4024 	2900 	24
1176 	2610 	1
1176 	2900 	6
2541 	2900 	10
3042 	2900 	2
4043 	2900 	4
4043 	0392 	1
1066 	3010 	1
1066 	2900 	4
1403 	2900 	1
1579 	2900 	3
1814 	2900 	4
3880 	1210 	1
3880 	2900 	4
3880 	1310 	1
4117 	2900 	42
498 	0158 	1
498 	2900 	7
1542 	2900 	6
3016 	2900 	9
3016 	1270 	1
3459 	5911 	2
263 	2900 	18
388 	0392 	3
388 	2900 	5
670 	6510 	1
670 	2900 	63
991 	2900 	16
991 	5840 	2
1270 	0392 	1
1270 	2900 	9
2317 	2900 	6
2363 	2900 	6
2879 	2900 	27
2879 	0392 	3
2897 	2900 	3
2897 	1260 	1
3268 	2900 	1
50 	0158 	1
1014 	2900 	15
1551 	2900 	13
1551 	0392 	5
1836 	6020 	5
1836 	5810 	1
2013 	2900 	5
3006 	2900 	5
3978 	2900 	2
