149 	2900 	20160723
149 	2900 	20160725
149 	2900 	20160726
149 	2900 	20160726
149 	2900 	20160722
149 	2900 	20160722
149 	2900 	20160726
149 	2900 	20160723
149 	2900 	20160721
149 	2900 	20160727
4 	2900 	20160804
4 	2900 	20160803
4 	2900 	20160728
4 	2900 	20160812
4 	2900 	20160728
4 	2900 	20160803
4 	2900 	20160730
4 	2900 	20160730
4 	2900 	20160801
4 	2900 	20160730
4 	2900 	20160803
4 	2900 	20160726
4 	2900 	20160803
4 	2900 	20160728
4 	2900 	20160728
4 	2900 	20160729
4 	2900 	20160804
4 	2900 	20160803
4 	2900 	20160726
4 	2900 	20160731
4 	2900 	20160730
4 	2900 	20160812
4 	2900 	20160730
4 	2900 	20160803
4 	2900 	20160804
4 	2900 	20160729
4 	2900 	20160729
4 	2900 	20160728
4 	2900 	20160730
4 	2900 	20160730
4 	2900 	20160727
4 	2900 	20160729
4 	2900 	20160802
27 	2900 	20160718
27 	2900 	20160725
27 	1270 	20160716
27 	2900 	20160721
27 	2900 	20160705
27 	0392 	20160714
27 	1460 	20160716
27 	2900 	20160715
27 	2900 	20160714
27 	2900 	20160711
27 	2900 	20160717
27 	0392 	20160718
27 	2900 	20160721
27 	2900 	20160721
55 	2900 	20160723
55 	2900 	20160725
55 	2900 	20160725
55 	2900 	20160725
55 	2900 	20160726
55 	2900 	20160723
55 	2900 	20160722
55 	2900 	20160722
55 	2900 	20160725
55 	2900 	20160725
55 	2900 	20160726
55 	2900 	20160727
55 	2900 	20160725
55 	2900 	20160721
55 	2900 	20160723
55 	2900 	20160725
55 	2900 	20160725
55 	2900 	20160725
55 	2900 	20160726
55 	2900 	20160726
144 	0392 	20160727
144 	2900 	20160727
144 	2900 	20160727
144 	2900 	20160726
144 	2900 	20160727
144 	2900 	20160727
144 	2900 	20160725
144 	2900 	20160726
89 	2900 	20160709
89 	0392 	20160708
89 	0392 	20160708
89 	2900 	20160709
89 	0392 	20160708
89 	2900 	20160710
89 	2900 	20160712
89 	2900 	20160707
89 	2900 	20160710
89 	0392 	20160708
89 	0392 	20160708
89 	2900 	20160711
89 	2900 	20160712
89 	2900 	20160712
89 	0392 	20160708
89 	2900 	20160712
89 	0392 	20160708
77 	2900 	20160728
77 	2900 	20160730
77 	2900 	20160730
77 	2900 	20160729
77 	2900 	20160726
77 	2900 	20160728
77 	2900 	20160730
77 	2900 	20160726
77 	2900 	20160727
77 	2900 	20160729
77 	2900 	20160728
77 	2900 	20160726
77 	2900 	20160726
77 	2900 	20160726
77 	2900 	20160729
77 	2900 	20160728
77 	2900 	20160728
77 	2900 	20160726
77 	2900 	20160729
77 	2900 	20160726
77 	2900 	20160729
82 	2900 	20160720
82 	0392 	20160726
82 	2900 	20160724
82 	0392 	20160729
82 	2900 	20160728
82 	2900 	20160726
82 	0392 	20160729
82 	0392 	20160729
82 	0392 	20160824
50 	2900 	20160726
50 	2900 	20160725
50 	2900 	20160726
50 	2900 	20160726
50 	2900 	20160726
50 	2900 	20160726
50 	2900 	20160725
83 	0392 	20160726
83 	2900 	20160728
83 	2900 	20160726
83 	2900 	20160724
83 	2900 	20160728
83 	2900 	20160720
20 	2900 	20160705
20 	2900 	20160705
20 	2900 	20160707
20 	2900 	20160702
20 	2900 	20160707
20 	2900 	20160704
20 	2900 	20160704
20 	2900 	20160706
20 	2900 	20160715
20 	2900 	20160701
20 	2900 	20160707
20 	2900 	20160706
20 	2900 	20160704
20 	2900 	20160703
20 	2900 	20160707
90 	2900 	20160712
90 	0392 	20160708
90 	0392 	20160708
90 	0392 	20160708
90 	0392 	20160709
90 	0392 	20160708
90 	2900 	20160710
90 	2900 	20160709
90 	2900 	20160709
90 	2900 	20160709
90 	2900 	20160711
90 	0392 	20160708
90 	2900 	20160709
90 	2900 	20160709
90 	0392 	20160708
90 	2900 	20160712
90 	2900 	20160709
90 	2900 	20160707
8 	2900 	20160703
8 	2900 	20160707
8 	2900 	20160705
8 	2900 	20160707
8 	2900 	20160707
8 	2900 	20160702
8 	2900 	20160707
8 	2900 	20160707
8 	2900 	20160704
8 	2900 	20160707
8 	2900 	20160706
8 	2900 	20160704
8 	2900 	20160715
8 	2900 	20160704
8 	2900 	20160706
8 	2900 	20160703
8 	2900 	20160707
8 	2900 	20160701
101 	2900 	20160723
101 	2900 	20160727
101 	2900 	20160722
101 	2900 	20160725
101 	2900 	20160727
101 	2900 	20160718
101 	2900 	20160723
101 	2900 	20160727
101 	2900 	20160721
101 	2900 	20160727
101 	2900 	20160728
101 	0392 	20160727
101 	2900 	20160728
101 	2900 	20160723
101 	2900 	20160728
101 	2900 	20160721
101 	2900 	20160728
101 	2900 	20160722
111 	2900 	20160712
111 	2900 	20160720
111 	2900 	20160711
111 	2900 	20160718
111 	2900 	20160719
111 	2900 	20160712
111 	2900 	20160717
111 	2900 	20160719
111 	2900 	20160711
111 	2900 	20160712
111 	2900 	20160716
111 	2900 	20160717
111 	2900 	20160720
111 	2900 	20160713
111 	2900 	20160716
111 	2900 	20160716
111 	2900 	20160716
9 	2900 	20160703
9 	2900 	20160707
9 	2900 	20160706
9 	2900 	20160701
9 	2900 	20160706
9 	2900 	20160707
9 	2900 	20160703
9 	2900 	20160704
9 	2900 	20160702
9 	2900 	20160715
9 	2900 	20160707
9 	2900 	20160704
9 	2900 	20160705
9 	2900 	20160704
9 	2900 	20160707
9 	2900 	20160707
574 	2900 	20160719
574 	2900 	20160719
574 	2900 	20160719
574 	2900 	20160721
574 	2900 	20160718
574 	0392 	20160719
574 	2900 	20160719
574 	2900 	20160717
574 	2900 	20160719
574 	2900 	20160716
574 	2900 	20160719
574 	2900 	20160717
574 	2900 	20160716
574 	2900 	20160719
574 	0392 	20160718
574 	2900 	20160719
574 	2900 	20160716
574 	2900 	20160719
574 	2900 	20160719
574 	0392 	20160717
574 	2900 	20160719
574 	2900 	20160716
574 	2900 	20160716
574 	2900 	20160716
574 	0392 	20160716
574 	2900 	20160717
422 	2900 	20160711
422 	2900 	20160705
422 	2900 	20160712
124 	2900 	20160731
124 	2900 	20160729
124 	2900 	20160802
124 	2900 	20160802
124 	2900 	20160731
124 	2900 	20160730
124 	2900 	20160801
124 	2900 	20160729
124 	2900 	20160801
124 	2900 	20160802
124 	2900 	20160729
124 	2900 	20160801
124 	2900 	20160729
24 	2900 	20160719
24 	2900 	20160712
24 	2900 	20160715
24 	2900 	20160716
24 	2900 	20160718
24 	2900 	20160712
24 	2900 	20160711
24 	2900 	20160715
24 	2900 	20160711
24 	2900 	20160712
24 	2900 	20160711
24 	2900 	20160716
24 	2900 	20160720
24 	2900 	20160715
24 	2900 	20160717
24 	2900 	20160713
24 	2900 	20160712
24 	2900 	20160719
24 	2900 	20160712
47 	2900 	20160719
47 	2900 	20160720
47 	2900 	20160713
47 	2900 	20160719
47 	2900 	20160720
47 	2900 	20160718
136 	2900 	20160808
136 	2900 	20160809
136 	2900 	20160805
136 	2900 	20160802
136 	2900 	20160804
136 	2900 	20160804
136 	2900 	20160801
136 	2900 	20160805
136 	2900 	20160806
136 	2900 	20160804
136 	2900 	20160804
136 	2900 	20160807
561 	2900 	20160711
561 	2900 	20160714
561 	2900 	20160714
561 	2900 	20160714
561 	2900 	20160713
561 	2900 	20160713
561 	2900 	20160712
561 	2900 	20160713
561 	2900 	20160712
561 	2900 	20160714
561 	2900 	20160712
561 	2900 	20160712
561 	2900 	20160713
154 	2900 	20160729
154 	2900 	20160726
154 	2900 	20160804
154 	2900 	20160726
154 	2900 	20160728
154 	2900 	20160803
154 	2900 	20160812
154 	2900 	20160729
154 	2900 	20160812
154 	2900 	20160729
154 	2900 	20160729
154 	2900 	20160802
154 	2900 	20160803
154 	2900 	20160812
154 	2900 	20160726
154 	2900 	20160727
154 	2900 	20160801
154 	2900 	20160729
154 	2900 	20160805
154 	2900 	20160728
154 	2900 	20160730
154 	2900 	20160729
154 	2900 	20160730
154 	2900 	20160731
154 	2900 	20160803
154 	2900 	20160804
154 	2900 	20160726
154 	2900 	20160731
154 	2900 	20160801
154 	2900 	20160802
154 	2900 	20160728
154 	2900 	20160804
2 	2900 	20160902
2 	2900 	20160809
2 	2900 	20160921
2 	2900 	20160921
2 	2900 	20160801
2 	2900 	20160803
2 	2900 	20160804
2 	2900 	20160923
2 	2900 	20160811
2 	2900 	20160804
2 	2900 	20160921
2 	2900 	20160804
2 	2900 	20160923
2 	2900 	20160902
2 	2900 	20160804
2 	2900 	20160921
2 	2900 	20160802
2 	2900 	20160919
2 	2900 	20160921
2 	2900 	20160921
2 	2900 	20160902
2 	2900 	20160808
2 	2900 	20160805
2 	2900 	20160921
2 	2900 	20160810
2 	2900 	20160917
2 	2900 	20160803
2 	2900 	20160806
2 	2900 	20160808
2 	2900 	20160917
2 	2900 	20160921
2 	2900 	20160921
2 	2900 	20160803
2 	2900 	20160803
2 	2900 	20160804
2 	2900 	20160807
2 	2900 	20160811
2 	2900 	20160804
2 	2900 	20160811
2 	2900 	20160825
2 	2900 	20160806
2 	2900 	20160805
2 	2900 	20160920
2 	2900 	20160808
2 	2900 	20160802
2 	2900 	20160807
2 	2900 	20160921
2 	2900 	20160921
2 	2900 	20160812
2 	2900 	20160920
2 	2900 	20161101
2 	2900 	20161104
2 	2900 	20161104
2 	2900 	20161124
2 	2900 	20161124
2 	2900 	20161027
2 	2900 	20161109
2 	2900 	20161108
2 	2900 	20161107
2 	2900 	20161114
2 	2900 	20161114
2 	2900 	20161119
2 	2900 	20161009
2 	2900 	20161010
2 	0158 	20161024
2 	2900 	20161024
2 	2900 	20161024
2 	2900 	20161024
2 	2900 	20161124
2 	2900 	20161112
2 	2900 	20161123
2 	2900 	20161109
2 	2900 	20161109
2 	2900 	20161123
2 	2900 	20161001
2 	2900 	20161024
2 	2900 	20161024
2 	2900 	20161024
2 	2900 	20161024
2 	2900 	20161028
2 	2900 	20161031
2 	2900 	20161124
2 	2900 	20161124
2 	2900 	20161114
2 	2900 	20161024
2 	2900 	20161024
2 	2900 	20161024
2 	2900 	20161028
2 	2900 	20161103
2 	2900 	20161112
2 	2900 	20161123
2 	2900 	20161001
2 	2900 	20161027
2 	2900 	20161009
2 	2900 	20161028
400 	2900 	20160802
400 	2900 	20160801
400 	2900 	20160729
400 	2900 	20160729
400 	2900 	20160731
400 	2900 	20160729
400 	2900 	20160731
400 	2900 	20160729
400 	2900 	20160801
400 	2900 	20160801
400 	2900 	20160730
400 	2900 	20160802
562 	2900 	20160712
562 	2900 	20160711
562 	2900 	20160712
562 	2900 	20160711
562 	2900 	20160713
10 	2900 	20160707
10 	2900 	20160715
10 	2900 	20160706
10 	2900 	20160706
10 	2900 	20160707
10 	2900 	20160705
10 	2900 	20160707
10 	2900 	20160702
10 	2900 	20160704
10 	2900 	20160704
10 	0392 	20160705
10 	2900 	20160703
10 	2900 	20160704
10 	2900 	20160701
10 	2900 	20160703
10 	2900 	20160707
10 	2900 	20160703
10 	2900 	20160707
91 	2900 	20160712
91 	0392 	20160708
91 	2900 	20160711
91 	2900 	20160711
91 	0392 	20160708
91 	2900 	20160711
91 	2900 	20160709
91 	2900 	20160712
91 	0392 	20160711
91 	2900 	20160710
91 	0392 	20160708
91 	2900 	20160709
91 	0392 	20160708
91 	2900 	20160712
91 	2900 	20160711
91 	2900 	20160712
91 	2900 	20160709
91 	2900 	20160707
91 	2900 	20160707
91 	0392 	20160708
91 	2900 	20160709
91 	2900 	20160709
91 	0392 	20160708
87 	2900 	20160720
87 	2900 	20160719
87 	2900 	20160717
87 	2900 	20160719
87 	2900 	20160715
87 	2900 	20160720
87 	2900 	20160719
87 	2900 	20160718
87 	2900 	20160718
87 	2900 	20160715
87 	2900 	20160720
423 	2900 	20160712
423 	2900 	20160711
423 	2900 	20160712
423 	2900 	20160705
133 	2900 	20160725
133 	2900 	20160714
133 	0392 	20160714
133 	2900 	20160715
133 	2900 	20160714
133 	2900 	20160714
133 	2900 	20160710
133 	2900 	20160713
133 	1270 	20160703
58 	2900 	20160812
58 	2900 	20160808
58 	2900 	20160810
58 	2900 	20160811
58 	2900 	20160811
58 	2900 	20160811
58 	2900 	20160811
58 	2900 	20160812
58 	2900 	20160804
58 	2900 	20160804
58 	2900 	20160812
58 	2900 	20160813
58 	2900 	20160805
58 	2900 	20160811
58 	2900 	20160804
58 	2900 	20160814
58 	2900 	20160811
58 	2900 	20160809
433 	2900 	20160809
433 	2900 	20160808
433 	2900 	20160805
433 	2900 	20160804
433 	2900 	20160809
433 	2900 	20160805
433 	2900 	20160804
433 	2900 	20160805
433 	2900 	20160804
433 	2900 	20160805
433 	2900 	20160805
11 	2900 	20160707
11 	2900 	20160707
11 	2900 	20160707
11 	2900 	20160705
11 	2900 	20160704
11 	2900 	20160703
11 	2900 	20160706
11 	2900 	20160704
11 	2900 	20160707
11 	2900 	20160703
11 	2900 	20160706
11 	2900 	20160702
11 	2900 	20160715
11 	2900 	20160704
11 	2900 	20160707
11 	2900 	20160701
145 	0392 	20160727
145 	2900 	20160727
145 	2900 	20160727
145 	2900 	20160725
145 	2900 	20160726
145 	2900 	20160727
17 	2900 	20160804
17 	2900 	20160808
17 	2900 	20160811
17 	2900 	20160804
17 	2900 	20160811
17 	2900 	20160825
17 	2900 	20160808
17 	2900 	20160805
17 	2900 	20160805
17 	2900 	20160811
17 	2900 	20160804
17 	2900 	20160812
17 	2900 	20160804
17 	2900 	20160807
17 	2900 	20160810
17 	2900 	20160921
17 	2900 	20160808
17 	2900 	20160902
17 	2900 	20160803
17 	2900 	20160902
17 	2900 	20160902
17 	2900 	20160802
17 	2900 	20160804
17 	2900 	20160804
17 	2900 	20160806
17 	2900 	20160802
17 	2900 	20160809
17 	2900 	20160804
17 	2900 	20160804
17 	2900 	20160917
17 	2900 	20160919
17 	2900 	20160804
17 	2900 	20160804
17 	2900 	20161111
17 	2900 	20161101
17 	2900 	20161110
17 	2900 	20161102
17 	2900 	20161102
17 	2900 	20161112
17 	2900 	20161027
17 	2900 	20161027
17 	2900 	20161027
17 	2900 	20161027
17 	2900 	20161027
17 	2900 	20161108
17 	2900 	20161113
17 	2900 	20161113
17 	2900 	20161107
17 	2900 	20161114
17 	2900 	20161114
17 	2900 	20161011
17 	2900 	20161028
17 	2900 	20161029
17 	2900 	20161104
17 	2900 	20161104
17 	2900 	20161104
17 	2900 	20161102
17 	2900 	20161103
17 	2900 	20161112
17 	2900 	20161112
17 	2900 	20161112
17 	2900 	20161027
17 	2900 	20161112
17 	2900 	20161027
17 	2900 	20161116
17 	2900 	20161027
17 	2900 	20161112
17 	2900 	20161105
17 	2900 	20161106
17 	2900 	20161106
17 	2900 	20161106
17 	2900 	20161106
17 	2900 	20161108
17 	2900 	20161108
17 	2900 	20161108
17 	2900 	20161108
17 	2900 	20161113
17 	2900 	20161113
17 	2900 	20161113
17 	2900 	20161113
17 	2900 	20161114
17 	2900 	20161114
17 	2900 	20161107
17 	2900 	20161114
17 	2900 	20161117
17 	2900 	20161117
17 	2900 	20161117
17 	2900 	20161001
17 	2900 	20161001
17 	2900 	20161029
17 	2900 	20161102
17 	2900 	20161102
17 	2900 	20161027
17 	2900 	20161112
17 	2900 	20161112
17 	2900 	20161027
17 	2900 	20161106
17 	2900 	20161108
17 	2900 	20161113
17 	2900 	20161107
17 	2900 	20161107
17 	2900 	20161113
17 	2900 	20161114
17 	2900 	20161030
17 	2900 	20161111
17 	2900 	20161101
17 	2900 	20161110
17 	2900 	20161110
17 	2900 	20161102
17 	2900 	20161102
17 	2900 	20161112
17 	2900 	20161112
17 	2900 	20161027
17 	2900 	20161116
17 	2900 	20161106
17 	2900 	20161117
17 	2900 	20161030
17 	2900 	20161031
17 	2900 	20161028
17 	2900 	20161102
17 	2900 	20161027
17 	2900 	20161112
564 	2900 	20160727
564 	2900 	20160730
564 	2900 	20160728
564 	2900 	20160729
564 	2900 	20160729
564 	2900 	20160728
564 	2900 	20160729
564 	2900 	20160727
564 	2900 	20160726
564 	2900 	20160726
564 	2900 	20160729
564 	2900 	20160728
564 	2900 	20160729
564 	2900 	20160729
564 	2900 	20160727
564 	2900 	20160731
564 	2900 	20160726
73 	2900 	20160714
73 	2900 	20160711
73 	2900 	20160711
73 	2900 	20160714
73 	2900 	20160714
73 	2900 	20160716
73 	2900 	20160714
73 	2900 	20160713
73 	2900 	20160712
146 	0392 	20160726
146 	0392 	20160727
146 	2900 	20160727
146 	2900 	20160726
146 	0392 	20160726
146 	2900 	20160727
146 	2900 	20160727
146 	2900 	20160726
146 	2900 	20160726
146 	2900 	20160725
575 	0392 	20160718
575 	2900 	20160718
575 	0392 	20160718
575 	2900 	20160719
575 	2900 	20160719
575 	2900 	20160719
575 	2900 	20160718
575 	2900 	20160719
575 	0392 	20160719
575 	2900 	20160719
575 	2900 	20160716
575 	2900 	20160716
575 	2900 	20160716
575 	2900 	20160719
575 	2900 	20160717
575 	2900 	20160719
575 	2900 	20160719
575 	2900 	20160719
575 	2900 	20160717
575 	0392 	20160718
575 	2900 	20160719
575 	2900 	20160716
575 	2900 	20160716
575 	2900 	20160719
575 	2900 	20160716
575 	2900 	20160716
575 	2900 	20160716
575 	2900 	20160717
575 	2900 	20160719
575 	2900 	20160716
94 	2900 	20160703
94 	2900 	20160703
94 	2900 	20160704
94 	2900 	20160704
94 	2900 	20160905
94 	2900 	20160706
94 	2900 	20160711
94 	2900 	20160720
94 	2900 	20160723
94 	2900 	20160811
94 	2900 	20160913
94 	2900 	20160809
94 	2900 	20160712
94 	2900 	20160701
94 	2900 	20160709
94 	2900 	20160810
94 	2900 	20160714
94 	2900 	20160708
94 	2900 	20160712
94 	2900 	20160809
94 	2900 	20160722
94 	2900 	20160704
94 	2900 	20160913
94 	2900 	20160706
94 	2900 	20160702
94 	2900 	20160810
94 	2900 	20160713
94 	2900 	20160809
94 	2900 	20160810
94 	2900 	20160706
94 	2900 	20160706
94 	2900 	20160706
94 	2900 	20160709
94 	2900 	20160715
94 	2900 	20160707
94 	2900 	20160728
94 	2900 	20160917
94 	2900 	20160710
94 	2900 	20160809
94 	2900 	20160809
94 	2900 	20160924
94 	2900 	20160917
94 	2900 	20160715
94 	2900 	20160705
94 	2900 	20160831
94 	2900 	20160720
94 	2900 	20160703
94 	2900 	20160712
94 	2900 	20160706
94 	2900 	20160715
94 	2900 	20160717
94 	2900 	20160704
94 	2900 	20160721
94 	2900 	20160724
94 	2900 	20160714
94 	2900 	20160709
94 	2900 	20160717
94 	2900 	20160811
94 	2900 	20160708
94 	2900 	20160707
94 	2900 	20160705
94 	2900 	20160706
94 	2900 	20160706
94 	2900 	20160815
94 	2900 	20160905
94 	2900 	20160905
94 	2900 	20161025
94 	2900 	20161012
94 	2900 	20161012
94 	2900 	20161025
94 	2900 	20161101
94 	2900 	20161028
54 	2900 	20160727
654 	2900 	20160827
654 	2900 	20160908
654 	3110 	20160903
654 	2900 	20160824
654 	2900 	20160827
654 	3080 	20160902
654 	3010 	20160906
654 	0608 	20160730
654 	2900 	20160823
654 	2900 	20160827
654 	2900 	20160803
654 	2900 	20160720
654 	2900 	20160725
579 	2900 	20160802
579 	2900 	20160804
579 	2900 	20160802
579 	2900 	20160805
579 	2900 	20160802
579 	2900 	20160805
579 	2900 	20160803
579 	2900 	20160804
579 	2900 	20160804
579 	2900 	20160804
579 	2900 	20160802
579 	2900 	20160802
579 	2900 	20160805
579 	2900 	20160802
579 	2900 	20160802
424 	1310 	20160703
424 	1310 	20160704
424 	2900 	20160706
424 	2900 	20160714
424 	2900 	20160704
424 	2900 	20160704
424 	2900 	20160725
424 	2900 	20160711
424 	0392 	20160714
424 	2900 	20160713
424 	2900 	20160709
424 	2900 	20160710
424 	2900 	20160704
584 	2900 	20160703
584 	2900 	20160705
584 	2900 	20160712
584 	2900 	20160703
584 	2900 	20160704
584 	2900 	20160703
584 	2900 	20160712
584 	2900 	20160701
584 	2900 	20160712
584 	2900 	20160712
584 	2900 	20160704
584 	2900 	20160706
584 	2900 	20160703
584 	2900 	20160702
96 	2900 	20160725
96 	2900 	20160721
96 	2900 	20160727
96 	2900 	20160722
96 	2900 	20160722
96 	2900 	20160721
96 	2900 	20160722
96 	2900 	20160726
96 	2900 	20160723
96 	2900 	20160726
96 	2900 	20160726
96 	2900 	20160723
96 	2900 	20160723
96 	2900 	20160725
96 	2900 	20160723
96 	2900 	20160726
96 	2900 	20160723
96 	2900 	20160726
96 	2900 	20160723
12 	2900 	20160715
12 	2900 	20160707
12 	2900 	20160704
12 	2900 	20160703
12 	2900 	20160704
12 	2900 	20160705
12 	2900 	20160701
12 	2900 	20160707
12 	2900 	20160704
12 	2900 	20160707
12 	2900 	20160707
12 	2900 	20160706
12 	2900 	20160707
12 	2900 	20160702
6 	2900 	20160729
6 	2900 	20160729
6 	2900 	20160913
6 	2900 	20160909
6 	2900 	20160728
6 	2900 	20160910
6 	2900 	20160829
6 	2900 	20160902
6 	2900 	20160721
6 	2900 	20160730
6 	2900 	20160723
6 	2900 	20160906
6 	2900 	20160818
6 	2900 	20160809
6 	2900 	20160809
6 	2900 	20160827
6 	2900 	20160912
6 	2900 	20160906
6 	2900 	20160912
6 	2900 	20160903
6 	2900 	20160910
6 	2900 	20160913
6 	2900 	20160829
6 	2900 	20160818
6 	2900 	20160908
6 	2900 	20160722
6 	2900 	20160817
6 	2900 	20160917
6 	2900 	20160726
6 	2900 	20160912
6 	2900 	20160809
6 	2900 	20160829
6 	2900 	20160919
6 	2900 	20160726
6 	2900 	20160727
6 	2900 	20160809
6 	2900 	20160809
6 	2900 	20160725
6 	2900 	20160909
6 	2900 	20160906
6 	2900 	20160917
6 	2900 	20160813
6 	2900 	20160919
6 	2900 	20160726
6 	2900 	20160919
6 	2900 	20160910
6 	2900 	20160721
6 	2900 	20160808
6 	2900 	20160722
6 	2900 	20160807
6 	2900 	20160912
6 	2900 	20160917
6 	2900 	20160816
6 	2900 	20160809
6 	2900 	20160909
6 	2900 	20160912
6 	2900 	20160910
6 	2900 	20160829
6 	2900 	20160919
6 	2900 	20160718
6 	2900 	20160723
6 	2900 	20160808
6 	2900 	20160826
6 	2900 	20160909
6 	2900 	20160903
6 	2900 	20160730
6 	2900 	20160912
6 	2900 	20160906
6 	2900 	20160723
6 	2900 	20160909
6 	2900 	20160912
6 	2900 	20160825
6 	2900 	20160808
6 	2900 	20160816
6 	2900 	20160726
6 	2900 	20160919
6 	2900 	20160902
6 	2900 	20160729
6 	2900 	20160730
6 	2900 	20160730
6 	2900 	20160801
6 	2900 	20160917
6 	2900 	20160726
6 	2900 	20160807
6 	2900 	20160807
6 	2900 	20160826
6 	2900 	20160821
6 	2900 	20160812
6 	2900 	20160726
6 	2900 	20160910
6 	2900 	20160910
6 	2900 	20160807
6 	2900 	20160813
6 	2900 	20160720
6 	2900 	20160725
85 	2900 	20160720
85 	2900 	20160724
85 	2900 	20160726
85 	0392 	20160726
85 	2900 	20160728
672 	2900 	20160712
672 	2900 	20160711
672 	2900 	20160705
