459 	0392 	4787796.0 	10
476 	0158 	839894.0 	2
704 	0158 	1713066.0 	4
2112 	0392 	2986804.0 	7
2527 	0158 	416559.0 	1
423 	0158 	2566842.0 	6
987 	6730 	1060000.0 	3
2786 	0158 	850647.0 	3
2862 	0158 	3381232.0 	8
3670 	0158 	5917220.0 	36
3708 	3990 	1700000.0 	7
2564 	0158 	2910097.0 	7
1487 	0392 	7111.0 	1
2460 	0392 	14134.0 	2
2621 	0392 	3324547.0 	14
847 	0158 	2911478.0 	7
959 	0158 	3327954.0 	8
1407 	0158 	6826940.0 	16
1705 	0158 	2543246.0 	6
1797 	0392 	1039175.0 	6
2602 	0158 	3394520.0 	8
709 	0392 	21928.0 	3
2554 	0392 	3985434.0 	15
1083 	5620 	2970000.0 	6
3988 	0392 	3982233.0 	5
429 	0392 	1.0958677E7 	14
1527 	0158 	1699708.0 	4
3086 	0392 	3319131.0 	14
3271 	6020 	1000000.0 	1
3419 	7110 	400000.0 	2
3499 	0392 	8286144.0 	26
3794 	0392 	8587909.0 	28
1769 	0158 	3327954.0 	8
1068 	0392 	6931822.0 	28
2615 	0392 	3971118.0 	19
386 	0392 	2987419.0 	15
447 	0392 	14313.0 	2
1024 	0158 	1485128.0 	5
1559 	0158 	3568148.0 	11
1849 	0158 	849908.0 	2
1180 	0158 	1696894.0 	5
1530 	0392 	3321078.0 	12
2537 	0158 	2558028.0 	6
3475 	0158 	8687237.0 	34
414 	0392 	7111.0 	1
3598 	0392 	1510359.0 	9
1290 	0392 	21623.0 	3
1802 	0158 	6343519.0 	15
1844 	0158 	3116241.0 	8
555 	0158 	1661736.0 	4
2042 	0158 	839286.0 	2
334 	0158 	1709960.0 	4
770 	0158 	2974258.0 	7
1899 	0392 	4115622.0 	15
1931 	5850 	10000.0 	1
1489 	0608 	358580.0 	2
3734 	0158 	2548998.0 	6
870 	0392 	5287533.0 	22
3398 	0392 	5298854.0 	25
3779 	0392 	1.7602293E7 	33
192 	0158 	5125422.0 	12
1529 	0158 	6461465.0 	27
3662 	0392 	14313.0 	2
378 	0158 	429314.0 	1
2827 	0392 	4965708.0 	21
2892 	0392 	2003774.0 	11
3684 	0392 	987466.0 	2
4089 	0392 	2835422.0 	14
1113 	0392 	6645098.0 	32
1760 	0158 	2543881.0 	7
3634 	0158 	7972500.0 	20
560 	3990 	1000000.0 	4
3287 	0392 	5186850.0 	23
1089 	0392 	2500498.0 	12
1866 	5950 	1280000.0 	4
1962 	0158 	1705915.0 	5
2759 	0392 	2992763.0 	13
409 	0158 	3685805.0 	16
101 	0158 	839894.0 	2
1507 	0158 	1708448.0 	4
2232 	6140 	250000.0 	1
3714 	0158 	1705068.0 	4
263 	0392 	7427546.0 	36
2213 	0392 	3957027.0 	18
2290 	0158 	835709.0 	3
2401 	0158 	1550503.0 	5
2677 	0158 	2136.0 	1
364 	0392 	2236441.0 	8
921 	0392 	1.0530125E7 	44
2035 	0158 	1750319.0 	6
3023 	0158 	2132180.0 	5
876 	0158 	6826520.0 	18
1754 	0158 	5924182.0 	15
193 	0392 	1.1074232E7 	29
1794 	0158 	2556758.0 	6
1824 	0392 	994656.0 	5
2010 	0392 	8056258.0 	35
2509 	3750 	420000.0 	3
2924 	0158 	3772773.0 	9
3432 	0158 	1708876.0 	4
3794 	0158 	587925.0 	4
1174 	0392 	2987832.0 	4
1438 	0158 	3374274.0 	8
3657 	0158 	1714192.0 	4
3712 	0158 	6202488.0 	27
163 	0158 	833424.0 	2
1585 	0392 	2359164.0 	11
2520 	0392 	8934523.0 	11
255 	0158 	1702722.0 	4
434 	0158 	1677278.0 	4
1923 	0158 	5071370.0 	12
2697 	0392 	41378.0 	2
3604 	0392 	4698454.0 	21
3955 	4770 	20000.0 	2
181 	0158 	3383142.0 	8
340 	0392 	1010569.0 	6
374 	0158 	2562312.0 	6
528 	0392 	9519448.0 	49
1379 	0158 	3419244.0 	9
2646 	0392 	3983352.0 	18
470 	0158 	1695720.0 	4
2206 	6900 	80000.0 	2
2213 	5510 	10000.0 	1
2865 	3050 	20000.0 	2
897 	0158 	1676186.0 	4
1755 	0158 	1056738.0 	3
3145 	6020 	2000000.0 	3
3570 	0392 	6966056.0 	29
3679 	0158 	2985500.0 	12
1090 	0158 	105327.0 	1
1371 	0158 	1715195.0 	5
1419 	0158 	839894.0 	2
1873 	0158 	1672516.0 	4
94 	0158 	850646.0 	2
913 	0392 	4280258.0 	17
2244 	0392 	2966169.0 	4
2604 	0158 	9824702.0 	31
2725 	0392 	4459962.0 	20
3106 	0392 	1322863.0 	6
2735 	0392 	2493509.0 	11
851 	0158 	1712514.0 	5
886 	0392 	1008459.0 	3
1427 	0392 	986153.0 	4
1781 	0158 	6710014.0 	16
2792 	0158 	1705914.0 	4
3278 	0158 	2543880.0 	6
341 	0392 	2017452.0 	12
867 	0392 	7608570.0 	29
986 	0392 	1.0725121E7 	18
2667 	0392 	7634062.0 	25
3403 	0158 	1706178.0 	4
3697 	0158 	3324213.0 	9
3855 	0158 	4227930.0 	10
1168 	0392 	3942969.0 	17
2122 	0158 	1679788.0 	4
2671 	0392 	2953746.0 	3
3179 	5620 	2460000.0 	5
4012 	0158 	849908.0 	2
138 	0392 	4787796.0 	10
247 	0158 	914832.0 	5
660 	0392 	2493509.0 	11
2304 	5950 	40000.0 	2
3222 	0158 	2993730.0 	7
1446 	0158 	2574880.0 	6
1806 	0158 	3740782.0 	10
2571 	0158 	4607414.0 	13
3527 	0158 	4228462.0 	10
3719 	0158 	2516038.0 	6
1051 	0158 	1705914.0 	4
2327 	0392 	2987832.0 	4
3514 	3940 	10000.0 	1
496 	0158 	1797381.0 	5
1686 	0158 	1710428.0 	4
2079 	0158 	5067142.0 	12
3160 	0392 	7111.0 	1
3345 	0158 	1675976.0 	4
2184 	0158 	1708876.0 	4
3328 	0158 	5556717.0 	13
1220 	0392 	7124.0 	1
1270 	0158 	522781.0 	2
1813 	1210 	890000.0 	14
2326 	0158 	3341976.0 	10
3149 	5320 	10000.0 	1
773 	0392 	5312687.0 	22
963 	0392 	7056.0 	1
20 	0158 	839894.0 	2
798 	5840 	880000.0 	5
2915 	0158 	2137450.0 	5
3944 	0392 	14313.0 	2
410 	0158 	854496.0 	2
483 	0158 	1712514.0 	4
1291 	0392 	2493509.0 	11
4002 	0158 	2562312.0 	6
732 	0158 	4273572.0 	12
1493 	0158 	3253125.0 	13
1845 	0392 	999821.0 	5
2158 	0158 	272347.0 	2
3750 	0392 	986153.0 	4
3934 	0158 	3973160.0 	10
1707 	0392 	986153.0 	4
2825 	0392 	5965018.0 	25
3721 	0158 	4221800.0 	10
4027 	0392 	7209.0 	1
4186 	0158 	576498.0 	6
590 	6510 	660000.0 	22
1307 	0158 	1702534.0 	4
3247 	0608 	145098.0 	1
501 	0158 	9851788.0 	23
566 	0392 	3011753.0 	13
1743 	0392 	1008459.0 	3
518 	0158 	5094826.0 	12
590 	6512 	20000.0 	1
4207 	0392 	2491611.0 	13
1453 	0392 	2994080.0 	5
2203 	0158 	105783.0 	1
2291 	6020 	2000000.0 	3
4009 	0392 	7955279.0 	32
537 	0158 	6806500.0 	16
2332 	0158 	2497086.0 	6
3013 	0158 	843280.0 	2
3383 	0392 	14313.0 	2
689 	0392 	2984764.0 	13
3610 	5230 	50000.0 	1
278 	0392 	2480707.0 	12
442 	0158 	2540192.0 	6
1912 	0158 	857530.0 	2
3435 	0392 	7967966.0 	32
1800 	5850 	60000.0 	2
1851 	0158 	3826563.0 	11
3022 	0392 	2009394.0 	9
3645 	0392 	1991650.0 	8
4113 	0158 	2516548.0 	6
1685 	0392 	2987839.0 	5
3431 	7360 	140000.0 	3
3613 	7110 	7540000.0 	26
3655 	0392 	6971570.0 	28
1155 	0158 	2553378.0 	6
2592 	0392 	8066389.0 	38
4182 	0158 	2493729.0 	6
1317 	0158 	1699708.0 	4
1437 	0158 	1702722.0 	5
2097 	0158 	3062513.0 	8
2165 	5850 	2000000.0 	5
2803 	0158 	2995788.0 	7
2482 	0392 	2871589.0 	10
3740 	6020 	500000.0 	1
3945 	0392 	9938674.0 	38
3798 	0158 	835710.0 	2
2666 	6020 	220000.0 	6
3033 	0392 	5620825.0 	23
4117 	0392 	1.1947217E7 	17
556 	0158 	5346736.0 	13
3097 	6020 	2500000.0 	5
3143 	3990 	1040000.0 	13
3249 	0392 	6149312.0 	28
79 	0392 	2998637.0 	14
549 	0392 	3986843.0 	7
571 	0158 	854980.0 	2
1881 	0158 	6498596.0 	16
2021 	0392 	2000059.0 	10
522 	0158 	2492600.0 	6
1618 	0392 	3987024.0 	14
2219 	0158 	7630624.0 	19
2927 	0158 	1680272.0 	4
3358 	0158 	9273742.0 	38
3924 	3910 	280000.0 	1
347 	0158 	4224866.0 	10
552 	0392 	3977406.0 	17
2036 	0392 	1039175.0 	6
3000 	0392 	9683514.0 	46
3280 	5510 	10000.0 	1
1232 	0158 	4106319.0 	10
1537 	0158 	1675976.0 	4
4000 	0158 	835710.0 	2
249 	0392 	1007740.0 	2
511 	0392 	6988346.0 	30
1242 	0158 	3740258.0 	9
1256 	0158 	1.0254238E7 	24
1583 	0158 	1714193.0 	6
2430 	0158 	3411918.0 	9
1522 	0392 	1992083.0 	9
3151 	0158 	416712.0 	1
3568 	0158 	833424.0 	2
3788 	0158 	1665176.0 	4
1112 	0158 	3427170.0 	8
3227 	0158 	2234338.0 	10
621 	0392 	2988224.0 	10
1714 	0158 	1672516.0 	4
2375 	0392 	1992083.0 	9
1951 	0392 	7227.0 	1
235 	0392 	7111.0 	1
315 	0392 	1306059.0 	6
638 	0158 	1719524.0 	6
3510 	0392 	3000045.0 	14
3813 	0158 	7019510.0 	20
939 	0158 	830868.0 	2
3431 	5810 	200000.0 	4
4065 	0392 	8952062.0 	37
1428 	0392 	6035650.0 	20
3283 	0392 	9948041.0 	42
3946 	0158 	2538116.0 	8
1025 	0158 	2500936.0 	12
1343 	0158 	5081827.0 	17
1532 	0392 	2986194.0 	3
531 	0158 	828780.0 	2
819 	0158 	418996.0 	1
1463 	0158 	3399964.0 	8
2084 	0158 	3324882.0 	8
2279 	0158 	837992.0 	4
2380 	0392 	7181.0 	1
2976 	0158 	2492604.0 	6
776 	0392 	5904654.0 	18
4093 	0158 	2377676.0 	10
1144 	0392 	2994671.0 	14
2620 	0158 	7571537.0 	20
3290 	0392 	1985574.0 	9
160 	0392 	4788403.0 	11
304 	0392 	997732.0 	5
3556 	0392 	14313.0 	2
1807 	0158 	8298441.0 	25
3597 	0392 	2499053.0 	14
745 	1368 	50000.0 	1
907 	0158 	857530.0 	2
931 	0392 	3890329.0 	5
1408 	0158 	7817593.0 	31
2369 	0392 	1.0984667E7 	25
319 	0392 	7111.0 	1
2379 	0158 	3111797.0 	12
3313 	0158 	2557332.0 	7
4024 	0392 	8340167.0 	37
0 	0392 	1003507.0 	5
1351 	0158 	4224604.0 	12
2216 	0158 	3396620.0 	9
2841 	0158 	3421722.0 	9
3445 	0392 	5438404.0 	29
3843 	5810 	690000.0 	2
701 	0158 	3360060.0 	8
1131 	0392 	1.0595202E7 	25
1149 	0158 	2520165.0 	7
1374 	0158 	2913043.0 	9
3183 	0392 	4294558.0 	18
580 	0158 	2745041.0 	10
4116 	0392 	9878614.0 	41
115 	0158 	854980.0 	2
857 	0392 	4366009.0 	7
4169 	0158 	980358.0 	5
649 	0158 	6793236.0 	17
902 	0392 	987941.0 	5
1563 	0158 	1682230.0 	4
1983 	0392 	6964823.0 	29
2916 	0158 	2543246.0 	6
964 	0392 	1991970.0 	9
2110 	0158 	1462146.0 	9
3760 	0392 	3643280.0 	12
1552 	0158 	839894.0 	2
1786 	0158 	850646.0 	2
2515 	6020 	2500000.0 	4
3930 	0158 	849908.0 	2
237 	0392 	2965340.0 	5
2411 	0392 	26062.0 	1
1448 	0158 	2120045.0 	6
2169 	0392 	506105.0 	3
3411 	0392 	2961141.0 	11
3687 	0392 	5308457.0 	17
3722 	0158 	4222134.0 	10
828 	0392 	3793420.0 	16
2064 	0158 	1247427.0 	3
3197 	0158 	1679788.0 	4
1249 	0158 	1709582.0 	4
1252 	0392 	2994099.0 	8
324 	0158 	1713004.0 	4
2475 	2720 	20000.0 	2
3869 	0158 	2909113.0 	7
4020 	0158 	2921552.0 	9
1729 	0392 	6664961.0 	18
9 	0158 	4573979.0 	11
778 	0392 	1.0256708E7 	44
2506 	0392 	8640378.0 	39
2822 	0392 	2645551.0 	14
175 	0158 	835710.0 	2
2212 	0392 	3670868.0 	17
2311 	0392 	20689.0 	1
2330 	0158 	987444.0 	3
2603 	0158 	5917997.0 	16
3538 	5620 	10000.0 	1
707 	0392 	6243173.0 	32
1702 	0158 	1247344.0 	3
1757 	0392 	7911707.0 	8
2242 	5280 	700000.0 	3
2950 	0392 	502377.0 	3
170 	0158 	850646.0 	2
1764 	0392 	1.0830933E7 	12
2037 	0158 	853776.0 	2
2297 	0392 	5975932.0 	25
3085 	0158 	5915146.0 	16
3407 	0158 	7817593.0 	31
3716 	0158 	4246370.0 	10
3985 	0158 	3603886.0 	11
264 	0392 	14313.0 	2
2055 	0158 	2544979.0 	7
2450 	0158 	2760651.0 	8
3782 	0158 	2543880.0 	6
1780 	0158 	1793135.0 	8
2320 	0158 	1707102.0 	4
3185 	0158 	1280664.0 	4
3849 	0392 	5106717.0 	21
238 	0392 	994656.0 	5
2739 	0158 	828780.0 	2
3844 	1000 	180000.0 	5
2179 	0392 	2974763.0 	4
2673 	0158 	1247427.0 	3
2846 	0158 	3832745.0 	11
2973 	0158 	1669134.0 	4
1997 	0158 	861852.0 	2
2101 	0158 	3425713.0 	9
3010 	0392 	2982452.0 	13
3109 	0158 	2543880.0 	6
3745 	0158 	1664134.0 	4
125 	0392 	3304092.0 	14
485 	0392 	1008459.0 	3
1762 	0158 	3116181.0 	10
1920 	0392 	978079.0 	4
3462 	4980 	1200000.0 	7
3659 	0158 	2012954.0 	6
2 	0392 	1.018232E7 	42
1247 	0158 	5493280.0 	14
2137 	0392 	1.0584661E7 	42
2423 	0158 	1706110.0 	4
2611 	0392 	2001794.0 	9
2632 	0158 	6805928.0 	18
1455 	0392 	1508290.0 	3
1512 	0158 	1669134.0 	4
2265 	0392 	677135.0 	5
4083 	0158 	3383133.0 	8
27 	0158 	3764894.0 	13
128 	5920 	1290000.0 	3
558 	0158 	4226768.0 	10
2256 	0158 	2077170.0 	6
3816 	0392 	1990884.0 	9
1285 	0392 	3614506.0 	13
1615 	0158 	2540192.0 	6
3975 	0158 	2557602.0 	6
2218 	0158 	2983449.0 	7
2462 	2750 	20000.0 	2
3045 	0158 	452808.0 	2
3163 	0158 	2560506.0 	6
3503 	0392 	7285208.0 	31
500 	0392 	1.0162898E7 	44
1656 	0392 	6277511.0 	26
2476 	0392 	21623.0 	3
3462 	4987 	300000.0 	1
3530 	0392 	4111183.0 	15
3663 	0158 	6336922.0 	16
1922 	0158 	839286.0 	2
2263 	0158 	853776.0 	2
2268 	0392 	1651166.0 	7
3497 	0158 	853446.0 	2
103 	0158 	3325722.0 	8
950 	5620 	270000.0 	2
266 	0392 	7633176.0 	33
3753 	0158 	7665114.0 	19
2162 	0392 	994656.0 	5
4086 	0158 	1738358.0 	6
4100 	0158 	2574880.0 	6
801 	0158 	849908.0 	2
3636 	0392 	986153.0 	4
865 	0158 	4229697.0 	11
1869 	0158 	2516548.0 	6
2734 	0158 	873514.0 	4
1023 	0392 	49613.0 	7
1049 	0158 	1695982.0 	4
2191 	5690 	680000.0 	22
2575 	0392 	7053905.0 	32
2907 	5850 	10000.0 	1
223 	0158 	1664192.0 	4
486 	0158 	2991934.0 	7
1238 	0392 	14313.0 	2
3165 	0392 	6903606.0 	19
3924 	3930 	500000.0 	1
1177 	0392 	986615.0 	2
2656 	0158 	3740258.0 	9
2993 	0158 	7864071.0 	35
3258 	0158 	1702534.0 	4
284 	0158 	6414863.0 	17
761 	0392 	3984468.0 	5
1726 	0158 	2255489.0 	11
2149 	0158 	5306225.0 	14
3780 	0392 	14633.0 	2
3542 	6730 	9510000.0 	22
1534 	0158 	858738.0 	2
2519 	0158 	850646.0 	2
2951 	0392 	2173536.0 	10
3009 	0158 	4192734.0 	10
295 	0158 	1692532.0 	4
3587 	0158 	5946970.0 	14
3698 	0392 	4000271.0 	14
574 	0392 	8968235.0 	10
991 	0158 	3396620.0 	8
2419 	5810 	60000.0 	1
3553 	0158 	2992727.0 	7
1060 	0158 	853776.0 	2
3344 	0392 	7951565.0 	25
4032 	0158 	4273571.0 	11
4062 	0158 	1696895.0 	5
90 	0158 	3670599.0 	10
1286 	0392 	8258392.0 	34
1362 	0392 	1992083.0 	9
2205 	0158 	3354606.0 	9
3056 	0158 	842614.0 	2
4105 	0158 	1047490.0 	3
538 	0158 	2509321.0 	7
1643 	0158 	2543880.0 	6
3758 	0392 	3955215.0 	16
1172 	0158 	7238555.0 	20
3162 	0158 	3328012.0 	9
3016 	0392 	1312720.0 	6
3096 	0392 	21623.0 	3
3549 	0392 	1.0884124E7 	15
273 	0392 	4307829.0 	14
3293 	0392 	8054535.0 	35
3542 	6739 	500000.0 	2
338 	0392 	1008459.0 	3
1106 	5510 	30000.0 	3
2584 	0158 	3383142.0 	8
2304 	5840 	50000.0 	1
2414 	0158 	1709384.0 	4
2616 	0158 	3961022.0 	17
1221 	0392 	1986567.0 	10
2949 	0158 	1696912.0 	5
3894 	0158 	2142435.0 	5
758 	6020 	1000000.0 	2
908 	0158 	861852.0 	2
1767 	0158 	431761.0 	5
4177 	5883 	20000.0 	1
706 	6140 	10000.0 	1
1337 	0158 	843280.0 	2
2422 	0392 	4980679.0 	5
2831 	0392 	9878447.0 	42
3121 	0158 	2567164.0 	6
3390 	0158 	846237.0 	2
4033 	0158 	3957284.0 	12
3107 	0392 	7201.0 	1
3149 	5210 	10000.0 	1
3343 	0392 	7997071.0 	39
431 	0158 	1664192.0 	4
854 	0158 	4911840.0 	12
1108 	0392 	1.002192E7 	38
1312 	0158 	1710588.0 	4
2539 	0158 	1710190.0 	4
2704 	0158 	861852.0 	2
391 	0158 	1689546.0 	4
3485 	0392 	2960965.0 	4
1007 	0392 	2983261.0 	13
2107 	0158 	3425713.0 	10
2347 	0392 	8346260.0 	37
534 	0392 	993795.0 	3
1268 	0158 	840378.0 	2
1409 	5840 	640000.0 	3
1473 	0158 	5913696.0 	15
53 	0392 	6565059.0 	35
2099 	0158 	1598520.0 	4
2366 	0392 	2316101.0 	10
4053 	0158 	1675976.0 	4
1509 	0392 	2986757.0 	13
2415 	0158 	4245892.0 	10
3359 	0158 	3436540.0 	8
97 	0158 	9529169.0 	43
1156 	0392 	3314990.0 	12
1600 	0392 	6331782.0 	27
1894 	0392 	6167655.0 	21
3468 	0392 	1323119.0 	5
3919 	0392 	1.0958518E7 	14
569 	0158 	2574880.0 	6
1358 	0392 	3003455.0 	15
3375 	0158 	1872498.0 	10
132 	0392 	1.3439326E7 	17
2221 	0392 	1009237.0 	6
3150 	0158 	1.0256504E7 	24
3 	0392 	5286327.0 	12
1326 	0158 	2534148.0 	6
1525 	0158 	5491077.0 	14
3204 	0158 	2971462.0 	7
3981 	0392 	6980138.0 	29
1001 	0392 	1185001.0 	6
1523 	0158 	1709960.0 	4
2404 	0392 	1306400.0 	6
39 	0392 	1992571.0 	8
159 	0158 	846266.0 	2
1841 	0158 	3806419.0 	9
1846 	0158 	1705068.0 	4
4127 	0158 	3396620.0 	8
311 	0158 	833424.0 	2
1082 	0392 	3890329.0 	5
3280 	0158 	2576396.0 	6
3748 	0158 	1665176.0 	4
2819 	0158 	5924182.0 	14
3839 	5820 	120000.0 	5
1958 	0392 	2993277.0 	12
785 	0158 	1706110.0 	4
1462 	0392 	1005675.0 	7
2768 	0158 	1684705.0 	4
2984 	0392 	5627371.0 	22
593 	0158 	1246302.0 	3
3240 	0158 	1577529.0 	4
1693 	0158 	2102798.0 	5
1765 	0158 	8894012.0 	21
2187 	0158 	2415708.0 	9
2830 	0158 	2554224.0 	6
281 	6900 	30000.0 	3
1300 	0158 	2106281.0 	6
421 	0392 	7057044.0 	33
3558 	0158 	3436047.0 	9
1952 	0158 	4219041.0 	10
516 	0392 	21437.0 	3
1231 	3930 	10000.0 	1
1292 	0158 	1712986.0 	4
2238 	0392 	1985259.0 	7
2243 	0158 	1.0250879E7 	24
2929 	0158 	2117465.0 	5
2956 	0158 	4683829.0 	22
993 	0158 	1679788.0 	4
309 	0392 	1918867.0 	7
607 	0158 	1706074.0 	4
989 	0158 	452808.0 	2
1415 	0158 	1285513.0 	4
1577 	0158 	3356840.0 	9
2226 	0158 	1677278.0 	4
420 	6020 	2500000.0 	4
3866 	0158 	6738318.0 	18
625 	0392 	2033485.0 	12
1567 	0158 	9411534.0 	22
2436 	0158 	2097942.0 	6
4129 	5850 	50000.0 	2
610 	0158 	4440233.0 	12
1133 	0392 	7972828.0 	8
884 	0158 	3360060.0 	8
2360 	0158 	5562868.0 	13
3253 	0158 	4192734.0 	10
4096 	0158 	1708448.0 	4
673 	0158 	990001.0 	6
771 	0158 	2543178.0 	8
957 	0158 	1550196.0 	5
994 	0158 	6973101.0 	20
1369 	0392 	3307516.0 	11
1722 	0158 	1717256.0 	4
2139 	0392 	26059.0 	1
3331 	0158 	853776.0 	2
4111 	0158 	875858.0 	3
1890 	0158 	2548998.0 	6
810 	0158 	3354606.0 	8
1363 	0158 	2996600.0 	8
1629 	3930 	200000.0 	1
4199 	0392 	997965.0 	5
109 	0158 	1669134.0 	6
3414 	0158 	1660690.0 	4
1636 	0158 	5075660.0 	12
3392 	0158 	5916303.0 	15
1137 	0392 	8905487.0 	38
245 	0158 	846266.0 	2
1360 	0158 	1673612.0 	4
1988 	0158 	1510599.0 	9
2339 	0158 	835710.0 	2
2930 	0392 	4925205.0 	10
3555 	0158 	1706178.0 	4
398 	0392 	1345089.0 	7
2667 	0158 	287509.0 	3
1862 	0158 	1691562.0 	4
3580 	0158 	1715194.0 	4
1055 	0158 	4673572.0 	11
1430 	0158 	9287794.0 	41
3550 	0158 	861852.0 	2
155 	0158 	794542.0 	2
239 	0392 	1039175.0 	6
905 	0392 	7043.0 	1
1431 	0158 	858628.0 	2
2344 	0392 	7389.0 	1
1674 	0158 	3396620.0 	8
2232 	0392 	9972344.0 	42
3487 	3940 	10000.0 	1
3848 	0158 	833424.0 	2
1154 	6140 	370000.0 	11
1822 	0392 	2299568.0 	9
2093 	0392 	9927628.0 	40
2209 	0158 	2906992.0 	7
2742 	0392 	2177559.0 	10
3954 	0158 	1691562.0 	4
1625 	0158 	3473826.0 	10
1718 	0392 	71807.0 	3
1968 	0392 	6289622.0 	27
2171 	0392 	4954117.0 	21
3902 	0158 	2561272.0 	6
1942 	0158 	4192734.0 	10
2566 	0158 	9348523.0 	22
2762 	0392 	2979720.0 	3
2925 	0392 	7094689.0 	33
1267 	0392 	2992647.0 	15
2625 	0392 	994624.0 	5
2245 	0158 	2528738.0 	6
2728 	0392 	2979500.0 	13
2864 	3610 	740000.0 	3
723 	0158 	6980905.0 	30
780 	0158 	3739214.0 	9
1027 	0392 	2000926.0 	9
1580 	0158 	2144563.0 	5
3322 	0158 	850646.0 	2
3505 	6510 	10000.0 	1
1213 	0392 	7226.0 	1
3160 	0158 	4403200.0 	17
24 	0158 	2553378.0 	6
1127 	0158 	2561272.0 	6
3458 	0158 	2543246.0 	6
979 	0158 	3394520.0 	8
999 	0158 	2861315.0 	8
1295 	0392 	6881.0 	1
1626 	0392 	6994237.0 	29
2582 	0158 	1576799.0 	8
837 	0392 	8911504.0 	41
3254 	0158 	4429382.0 	14
3736 	0158 	1271589.0 	3
66 	0392 	7895421.0 	8
52 	0158 	4101501.0 	23
1749 	0392 	8607547.0 	26
3001 	0392 	3321222.0 	16
1273 	0158 	1714194.0 	6
1878 	0158 	1247427.0 	3
3030 	0158 	1270479.0 	3
3101 	0392 	1986081.0 	9
4196 	0158 	2558028.0 	6
2225 	0158 	861853.0 	3
2635 	0392 	650014.0 	2
4044 	0392 	2994080.0 	5
4138 	4580 	20000.0 	1
45 	0392 	1984569.0 	7
1695 	0158 	847084.0 	2
2053 	0392 	4839878.0 	22
4202 	0392 	2636999.0 	11
2300 	0158 	4246370.0 	10
3286 	0392 	5605464.0 	23
4192 	0158 	3108514.0 	9
85 	0158 	4190941.0 	11
2273 	5810 	2.4E7 	48
2840 	0158 	6721880.0 	16
2986 	0158 	432887.0 	1
3628 	0158 	2077170.0 	5
3970 	0158 	3181630.0 	12
4040 	0392 	9330408.0 	52
4210 	0392 	6275400.0 	26
2087 	0392 	995678.0 	5
424 	0392 	7111.0 	1
1381 	0158 	1155036.0 	4
183 	0158 	2573458.0 	7
1955 	0392 	4794140.0 	10
3471 	0608 	145098.0 	1
1442 	0392 	392918.0 	4
2425 	0158 	3206772.0 	9
4143 	0158 	1703699.0 	6
15 	0158 	1152151.0 	3
1293 	0392 	4787718.0 	10
1986 	0158 	214114.0 	1
2451 	0158 	1695720.0 	4
2859 	0392 	3995375.0 	5
1614 	0158 	851690.0 	2
3465 	0158 	854979.0 	3
3924 	5370 	500000.0 	1
260 	0158 	858738.0 	2
288 	0158 	1691562.0 	5
479 	0392 	996579.0 	5
3438 	0392 	1.0850943E7 	44
1981 	0158 	4185366.0 	13
2760 	0392 	3324275.0 	15
1973 	0158 	839894.0 	2
2529 	0158 	1713854.0 	5
2637 	0392 	4787796.0 	10
3199 	0392 	5985444.0 	26
3828 	0158 	854980.0 	2
149 	0158 	3324882.0 	8
1597 	0392 	3522860.0 	8
1777 	0392 	1931503.0 	7
3647 	0158 	1679788.0 	4
3812 	0158 	4746772.0 	19
2947 	0158 	4674539.0 	11
3069 	0158 	1669134.0 	4
3999 	0158 	3327954.0 	8
4147 	0392 	5305345.0 	25
782 	0158 	6721880.0 	17
3852 	0158 	1709582.0 	4
735 	0158 	3299731.0 	10
2585 	0392 	1.0008038E7 	45
3239 	0608 	145098.0 	1
849 	0158 	1708876.0 	4
3178 	0158 	2080610.0 	5
188 	0158 	9274379.0 	42
853 	0158 	2329651.0 	7
1368 	0392 	994656.0 	5
1630 	0158 	2536588.0 	6
3032 	0392 	4787584.0 	10
3996 	0158 	6717254.0 	16
1135 	0158 	1550196.0 	4
1634 	0158 	850646.0 	2
1951 	0158 	2678340.0 	9
2046 	0158 	6715530.0 	16
235 	0158 	1963376.0 	8
419 	0158 	835710.0 	2
675 	0158 	9991187.0 	52
2352 	0392 	52096.0 	2
2365 	0392 	1.0901091E7 	48
3425 	0158 	833424.0 	2
3711 	0158 	4192734.0 	10
2488 	0392 	2324552.0 	11
2694 	0158 	1679788.0 	6
3884 	0392 	3280359.0 	11
1087 	0392 	4787796.0 	10
2395 	0392 	9459578.0 	12
2443 	0158 	1676422.0 	4
492 	3050 	20000.0 	2
1106 	0158 	4249037.0 	12
1544 	0392 	1503163.0 	8
213 	0158 	6763004.0 	18
408 	0392 	5301664.0 	18
763 	0392 	3042889.0 	14
2385 	6900 	50000.0 	1
2403 	0158 	2702028.0 	9
3544 	0158 	3411770.0 	8
3752 	0158 	3324882.0 	8
2364 	0392 	5995220.0 	26
2782 	0158 	1902489.0 	7
3565 	0158 	4100828.0 	10
1212 	0158 	5916302.0 	14
1821 	0158 	6708248.0 	17
3041 	0158 	3427009.0 	8
2562 	0158 	4221359.0 	11
3528 	0392 	14326.0 	2
3717 	0392 	13790.0 	2
4016 	0158 	4221800.0 	10
1712 	0392 	1.2183914E7 	22
2860 	0392 	2058175.0 	11
2441 	0158 	973996.0 	3
2718 	0392 	8587992.0 	24
2721 	6020 	2000000.0 	3
3070 	0158 	3382926.0 	9
99 	0158 	842044.0 	2
1353 	0158 	2120760.0 	7
1774 	0158 	843280.0 	2
998 	0158 	5937302.0 	17
3677 	0158 	2590230.0 	8
145 	0392 	8981939.0 	10
1888 	0392 	4338907.0 	19
3959 	0158 	1289180.0 	5
319 	0158 	6620237.0 	26
353 	0158 	1689546.0 	4
529 	0158 	3742212.0 	15
1191 	0158 	1288700.0 	3
1960 	0392 	7111.0 	1
7 	0392 	1021299.0 	6
1265 	0158 	5070912.0 	12
1551 	0392 	2610091.0 	12
3002 	0392 	4280842.0 	17
375 	0158 	9419896.0 	22
647 	0392 	3313831.0 	11
820 	0392 	1306188.0 	5
1072 	4520 	40000.0 	4
1640 	0392 	4979130.0 	10
1910 	0158 	1934400.0 	10
2361 	0392 	14398.0 	2
3622 	0158 	1702722.0 	4
3998 	0158 	8142488.0 	19
3389 	0158 	4245892.0 	10
308 	0158 	1661736.0 	4
1204 	0392 	2982222.0 	11
1657 	0158 	2524844.0 	6
1793 	0158 	2479161.0 	14
639 	0158 	400121.0 	1
1909 	0158 	214494.0 	1
1046 	0158 	1839769.0 	7
1898 	0392 	2303138.0 	10
2105 	0392 	6980501.0 	29
2177 	0158 	6826939.0 	17
1850 	0392 	21398.0 	3
107 	0158 	2310192.0 	6
484 	0392 	2001291.0 	15
519 	0392 	9655205.0 	16
1026 	0392 	2038350.0 	7
1539 	0158 	2997324.0 	7
2663 	5920 	40000.0 	1
3296 	0392 	1051678.0 	6
1192 	0392 	4787584.0 	10
3761 	0158 	1259841.0 	3
130 	0158 	6385010.0 	16
2799 	0158 	850646.0 	2
267 	0158 	833424.0 	2
2879 	0392 	9491901.0 	43
216 	0158 	4257494.0 	10
840 	0158 	2573458.0 	6
1633 	0392 	8964692.0 	10
3020 	0392 	9677862.0 	18
3452 	0392 	14313.0 	2
2900 	3990 	1240000.0 	5
3444 	0392 	7181.0 	1
637 	0158 	6293336.0 	15
1747 	0158 	853776.0 	2
2260 	0392 	1548784.0 	10
2747 	0392 	1004115.0 	2
3361 	0158 	3425714.0 	9
3431 	7010 	90000.0 	5
3629 	0392 	6026775.0 	30
683 	0158 	5887460.0 	15
1022 	0392 	3978899.0 	20
1030 	0158 	6268998.0 	18
1303 	0392 	4945314.0 	18
1875 	0392 	2987718.0 	14
2288 	0392 	6002534.0 	27
3332 	0392 	3320583.0 	14
65 	0392 	4973111.0 	6
645 	0158 	830868.0 	2
1171 	0158 	2534295.0 	7
1575 	0158 	2356594.0 	7
1668 	0158 	913581.0 	5
2593 	0158 	727579.0 	4
2771 	3930 	10000.0 	1
722 	0158 	1542860.0 	5
1315 	0158 	1691562.0 	4
3089 	0158 	3405788.0 	8
28 	0392 	9948941.0 	40
582 	3940 	20000.0 	2
703 	0158 	4266434.0 	11
848 	0392 	1.6466724E7 	37
1616 	0392 	7209.0 	1
1681 	0392 	6143670.0 	26
3153 	0158 	1691562.0 	5
3932 	0158 	1598520.0 	4
301 	0392 	2004001.0 	11
1003 	0392 	21385.0 	3
1810 	0158 	6710714.0 	16
2516 	0392 	1004994.0 	6
3520 	0158 	5916302.0 	14
465 	0158 	2145566.0 	5
1125 	0392 	1995616.0 	4
2273 	5850 	4000000.0 	9
2531 	0392 	14418.0 	2
3168 	0392 	5658172.0 	24
2652 	0158 	4260782.0 	12
2958 	0392 	4787718.0 	10
3843 	5890 	790000.0 	2
1334 	0158 	211965.0 	1
2154 	0158 	4219282.0 	10
2272 	0158 	3741033.0 	18
2957 	0392 	7043.0 	1
2257 	0158 	3495770.0 	12
3461 	0392 	3321870.0 	12
32 	0158 	4190941.0 	11
1042 	0158 	830868.0 	2
1928 	0158 	839894.0 	2
1679 	0158 	2548998.0 	6
2141 	0392 	14527.0 	2
2151 	0392 	9218564.0 	31
2419 	5883 	140000.0 	1
584 	0158 	2567690.0 	8
679 	0158 	2132749.0 	5
2159 	0392 	984380.0 	4
2764 	0158 	856202.0 	2
3311 	0392 	6982472.0 	8
3863 	0392 	7935616.0 	33
73 	0158 	7969763.0 	35
843 	0392 	5990419.0 	25
1876 	0392 	978781.0 	4
2002 	0158 	6288786.0 	15
1581 	0158 	2548998.0 	6
1811 	0158 	4222134.0 	10
497 	0392 	1999635.0 	9
1486 	5810 	1.61E7 	27
2669 	0158 	2556758.0 	6
3423 	0158 	2567394.0 	6
3433 	0392 	1.2964594E7 	16
3990 	0392 	2103922.0 	11
1279 	0158 	3325254.0 	8
1508 	0158 	3424496.0 	8
2855 	0158 	1661736.0 	4
2891 	0158 	1705914.0 	4
2938 	0392 	14313.0 	2
2988 	0392 	1994944.0 	3
3216 	6590 	500000.0 	2
3949 	0158 	1.0455813E7 	25
3972 	0158 	3531563.0 	11
4037 	0158 	1665176.0 	4
893 	0392 	7945825.0 	31
910 	0158 	2538134.0 	6
2172 	0392 	3000785.0 	5
2922 	0158 	6710046.0 	16
3924 	4030 	4000000.0 	15
2903 	0392 	1.0795123E7 	44
4160 	0392 	1509533.0 	9
1829 	0392 	4787718.0 	10
3112 	0392 	14313.0 	2
3195 	1000 	1450000.0 	6
3338 	0392 	3644338.0 	17
208 	0158 	8868199.0 	39
1276 	0158 	1710587.0 	5
1608 	0158 	2890600.0 	8
3024 	0392 	7989128.0 	34
95 	3940 	30000.0 	2
1406 	0392 	6965547.0 	8
1902 	0158 	2129793.0 	6
1976 	0158 	2574880.0 	6
2113 	0158 	1689546.0 	5
3230 	0392 	2979900.0 	13
912 	0392 	4756552.0 	16
2418 	0158 	3419182.0 	9
512 	0158 	2492604.0 	6
2214 	0158 	2573458.0 	6
2980 	0392 	5628831.0 	27
147 	0158 	5075661.0 	13
1481 	0158 	1157180.0 	8
1588 	0392 	8903435.0 	10
2193 	0392 	34738.0 	2
3738 	0392 	3984499.0 	17
173 	0158 	3356840.0 	9
1426 	0392 	1659336.0 	6
1040 	0392 	4952060.0 	23
1338 	0392 	1989456.0 	7
3355 	0158 	1702505.0 	5
3777 	0392 	2871589.0 	10
1632 	0392 	7268486.0 	30
2868 	0392 	4984738.0 	21
3759 	0158 	5925093.0 	14
2138 	0158 	3117318.0 	11
3200 	0158 	320042.0 	2
3298 	0158 	3552453.0 	11
3537 	0392 	3997393.0 	9
4042 	0392 	6158098.0 	28
434 	3050 	20000.0 	2
1550 	0392 	2148792.0 	12
1864 	0158 	2543880.0 	6
2231 	0158 	2547234.0 	6
3534 	0392 	3989747.0 	5
3619 	0158 	846266.0 	2
1325 	0158 	1692532.0 	4
1495 	0392 	4339696.0 	20
2199 	0158 	9400020.0 	22
110 	0392 	2986543.0 	13
2788 	0158 	4679870.0 	13
3784 	0158 	854496.0 	2
504 	0392 	9823887.0 	46
2674 	1210 	4180000.0 	13
2776 	0158 	2576396.0 	6
3506 	0392 	3310078.0 	14
3921 	0392 	3974675.0 	14
449 	0392 	7056.0 	1
535 	0158 	4273572.0 	11
643 	0392 	988327.0 	5
1134 	0392 	9956994.0 	41
1413 	0392 	6919133.0 	8
2647 	0158 	1713066.0 	4
3238 	0158 	2534294.0 	6
2038 	0158 	2870551.0 	12
2817 	0158 	1666848.0 	6
3058 	2660 	350000.0 	2
1222 	0158 	2556758.0 	7
1831 	3750 	200000.0 	2
2681 	0158 	1269779.0 	3
3791 	0158 	854224.0 	3
1503 	0158 	62849.0 	1
3579 	0158 	416559.0 	1
3617 	0392 	2173082.0 	10
862 	0158 	3383142.0 	9
941 	0158 	2524843.0 	7
1969 	0158 	1712404.0 	4
2400 	0392 	1985854.0 	9
3133 	5620 	520000.0 	6
4155 	0392 	3811105.0 	13
3674 	0392 	1991472.0 	9
533 	0158 	2127957.0 	6
1790 	0392 	2982710.0 	12
1935 	0158 	5182786.0 	16
4098 	0158 	2947645.0 	7
4157 	0158 	1719524.0 	4
902 	3930 	10000.0 	1
3330 	0392 	993402.0 	5
873 	0158 	861852.0 	2
2146 	0392 	7389.0 	1
2183 	0158 	4034657.0 	22
3033 	3940 	20000.0 	2
3533 	0158 	423930.0 	1
3951 	0158 	1705914.0 	4
4017 	0158 	6709992.0 	17
382 	0158 	2543580.0 	6
2505 	0392 	7502243.0 	38
3046 	0392 	4998317.0 	22
3927 	0392 	3987379.0 	11
129 	0158 	4279778.0 	10
1095 	0158 	6710714.0 	17
1703 	0392 	3635632.0 	16
2192 	0158 	5343137.0 	23
2939 	0392 	9979420.0 	43
2979 	0392 	1985854.0 	9
46 	5610 	2000000.0 	4
1984 	0158 	6714041.0 	18
3071 	0158 	1708876.0 	4
3835 	0392 	6276420.0 	26
4103 	0392 	21437.0 	3
2148 	6020 	2000000.0 	4
2623 	0392 	3985753.0 	17
3603 	0392 	9958884.0 	41
2241 	0158 	3360060.0 	8
3418 	0158 	2576396.0 	6
3672 	0158 	833118.0 	2
3984 	0158 	830868.0 	2
2195 	0158 	1675976.0 	4
2598 	0158 	1712682.0 	4
265 	0158 	2570516.0 	6
2474 	0392 	2313228.0 	10
3384 	5610 	1990000.0 	4
3918 	0392 	986153.0 	4
499 	4520 	1290000.0 	23
1622 	0392 	6983579.0 	7
2479 	0392 	3655639.0 	17
3605 	0158 	64075.0 	1
792 	0158 	2983449.0 	7
945 	6590 	20000.0 	2
987 	5810 	1940000.0 	7
1948 	0158 	2080610.0 	5
3114 	0158 	6708112.0 	16
805 	1210 	7120000.0 	21
1109 	0392 	5904654.0 	18
2008 	0392 	7056.0 	1
2132 	0392 	1984030.0 	9
3131 	0158 	1669133.0 	5
3159 	0158 	1695852.0 	4
2664 	5970 	20000.0 	2
224 	0158 	840378.0 	2
595 	0392 	1345405.0 	7
1411 	0158 	2679853.0 	9
1724 	0158 	1679788.0 	4
2881 	0392 	4017453.0 	10
3646 	3990 	2390000.0 	12
3732 	0158 	1701048.0 	4
328 	0158 	2574880.0 	6
390 	6020 	2000000.0 	3
863 	0158 	842614.0 	2
1141 	0158 	850646.0 	2
3065 	0158 	1669134.0 	4
1524 	5510 	10000.0 	1
3299 	0158 	835710.0 	2
565 	0392 	2491611.0 	13
3220 	0392 	1.2567632E7 	39
1635 	1210 	620000.0 	4
3540 	0158 	384447.0 	2
749 	0392 	7797147.0 	36
788 	0392 	2016694.0 	10
879 	0158 	3838921.0 	10
1277 	0392 	8613264.0 	26
1482 	0392 	3984300.0 	19
1590 	0392 	2981441.0 	15
3074 	0158 	1702504.0 	4
866 	0158 	3392036.0 	8
3953 	0392 	14313.0 	2
1263 	0158 	2528738.0 	6
1433 	0158 	3383142.0 	8
2024 	6510 	1410000.0 	8
3774 	0158 	1992476.0 	6
4126 	0392 	2323434.0 	11
1186 	0392 	14313.0 	2
1342 	0158 	839286.0 	2
3887 	0158 	1687705.0 	5
3948 	0392 	1632054.0 	7
313 	0158 	857624.0 	2
934 	0392 	4626730.0 	20
2007 	0392 	2996651.0 	14
2490 	0158 	1717256.0 	4
3387 	0392 	35568.0 	5
96 	0158 	2943828.0 	9
601 	0392 	2147518.0 	12
2543 	0392 	3963054.0 	18
2050 	0158 	8138457.0 	19
2098 	0392 	14326.0 	2
3171 	0392 	7209.0 	1
900 	0158 	1838609.0 	7
2208 	0392 	4990226.0 	6
3766 	0158 	1705914.0 	4
743 	0158 	3411918.0 	8
3874 	0158 	2940113.0 	7
3907 	0392 	14313.0 	2
488 	0392 	35555.0 	5
1940 	0392 	9961697.0 	42
2314 	0158 	1702534.0 	4
2744 	0158 	1702496.0 	4
3014 	0158 	2983449.0 	7
4211 	5840 	3570000.0 	15
283 	0158 	857530.0 	2
451 	0158 	1713004.0 	4
1331 	0158 	1662860.0 	6
1375 	0158 	5136472.0 	12
3208 	0392 	2981916.0 	11
102 	0392 	3980092.0 	16
600 	0392 	14313.0 	2
2049 	0158 	836806.0 	2
3031 	6020 	500000.0 	1
3643 	0158 	840378.0 	2
2349 	0158 	5924182.0 	15
3190 	0158 	843280.0 	2
343 	0158 	1691562.0 	4
1930 	0158 	833424.0 	2
3448 	0158 	4272398.0 	12
1557 	0158 	1682229.0 	5
1713 	0158 	3284828.0 	12
2262 	0158 	420189.0 	1
3066 	0392 	5915211.0 	19
3585 	0158 	1696912.0 	4
3889 	0158 	4192734.0 	11
1458 	0158 	214657.0 	1
1903 	0392 	69483.0 	4
1396 	0158 	2550960.0 	8
2206 	6510 	1630000.0 	55
2433 	5840 	140000.0 	3
3182 	0158 	3383142.0 	8
3876 	0392 	14418.0 	2
666 	0392 	5987568.0 	7
1993 	0392 	4016629.0 	18
591 	0392 	3312543.0 	13
2078 	5880 	300000.0 	1
2586 	0392 	2634149.0 	11
116 	0158 	1676422.0 	4
602 	0392 	7209.0 	1
1129 	0158 	842987.0 	3
1750 	0158 	2077170.0 	5
2117 	0392 	7111.0 	1
3769 	0158 	1713004.0 	4
2083 	0392 	4977261.0 	21
64 	0158 	849908.0 	2
88 	0158 	1829985.0 	9
1654 	0392 	994624.0 	5
2236 	0158 	6103172.0 	34
2331 	0392 	3984780.0 	17
2722 	0158 	857530.0 	2
2964 	0158 	1665176.0 	4
805 	1224 	200000.0 	1
3108 	0392 	7056.0 	1
3872 	0158 	3952511.0 	14
674 	0158 	2553378.0 	6
1183 	0158 	4192734.0 	10
2144 	0158 	4254244.0 	11
2874 	0158 	3311685.0 	14
1138 	0158 	6805928.0 	17
1642 	0392 	9961494.0 	33
2304 	6510 	300000.0 	5
2359 	0158 	2565358.0 	6
2389 	5840 	10000.0 	1
131 	0158 	5117199.0 	13
1606 	0158 	2576396.0 	6
3424 	0158 	589652.0 	2
3491 	0392 	9975451.0 	47
3513 	0392 	42783.0 	6
2457 	0158 	3399965.0 	9
4052 	0158 	1433324.0 	6
112 	0392 	7947676.0 	34
2802 	0158 	858738.0 	2
29 	0392 	14313.0 	2
816 	0158 	5038071.0 	13
1011 	0158 	3426906.0 	8
2811 	0158 	40024.0 	2
2998 	5850 	10000.0 	1
212 	0158 	6208405.0 	17
578 	0158 	854224.0 	2
1416 	0392 	28457.0 	4
1782 	0158 	1664192.0 	4
3327 	0392 	7084.0 	1
201 	0392 	1990449.0 	9
899 	0392 	2981298.0 	11
1998 	5810 	10000.0 	1
467 	0158 	2536588.0 	8
1044 	0158 	2496103.0 	8
1275 	0158 	1268713.0 	3
1965 	0392 	6971318.0 	8
3505 	7310 	250000.0 	2
200 	0392 	4064057.0 	21
495 	0158 	1710588.0 	4
1620 	0158 	1680272.0 	4
1650 	0158 	794542.0 	2
392 	0158 	2909390.0 	7
1738 	0158 	1713004.0 	5
2651 	0392 	28444.0 	4
3370 	0392 	1999052.0 	10
3767 	0392 	1972056.0 	3
875 	0158 	2540192.0 	6
2641 	0392 	989480.0 	4
2706 	0158 	4706755.0 	17
4100 	2740 	10000.0 	1
8 	0158 	4702418.0 	13
978 	0158 	854980.0 	2
4142 	0158 	2356470.0 	6
358 	0158 	3382927.0 	10
3857 	4520 	10000.0 	1
1088 	0158 	1706110.0 	4
1397 	0392 	5773267.0 	26
3493 	0392 	1987077.0 	7
1309 	0392 	3042040.0 	14
2547 	0392 	1984938.0 	9
3557 	0158 	5768086.0 	27
229 	0392 	2954465.0 	4
1110 	0158 	830868.0 	2
1516 	0158 	4188707.0 	12
1908 	0392 	2962212.0 	11
2487 	0392 	994842.0 	5
2512 	0158 	1664192.0 	4
78 	0392 	28652.0 	4
436 	0158 	840378.0 	2
1299 	6010 	2500000.0 	6
2082 	1100 	10000.0 	1
3396 	0392 	1.0998653E7 	36
1255 	6020 	2000000.0 	4
1390 	0158 	2679853.0 	9
2409 	0392 	3351083.0 	18
2486 	0392 	3325638.0 	15
2715 	0392 	7043.0 	1
2828 	0392 	7961750.0 	14
3380 	0158 	2548999.0 	8
3661 	0158 	897805.0 	4
2410 	5510 	10000.0 	1
2668 	0158 	839894.0 	2
287 	0392 	3328214.0 	15
1579 	0392 	13964.0 	2
4208 	0158 	2556758.0 	6
327 	0158 	2548998.0 	6
439 	0158 	1692533.0 	5
510 	0158 	847085.0 	3
1675 	0392 	5904654.0 	18
2298 	0392 	4793928.0 	10
2072 	6510 	70000.0 	6
2690 	0158 	1957302.0 	8
2259 	0158 	1669134.0 	4
2610 	0158 	3067403.0 	12
1500 	0158 	2546696.0 	6
2778 	0392 	2642592.0 	12
494 	0158 	2111140.0 	6
1398 	0392 	9198054.0 	37
2126 	0158 	851140.0 	3
2229 	0392 	4977233.0 	21
3522 	0158 	1010315.0 	3
427 	0392 	1.1401077E7 	51
2130 	0158 	1691562.0 	4
3297 	0158 	1696912.0 	4
3385 	0158 	4221358.0 	10
1823 	0158 	1680272.0 	4
3152 	0392 	5609345.0 	21
3437 	0158 	4594412.0 	11
292 	3120 	20000.0 	2
513 	0392 	3290912.0 	14
768 	0158 	3416934.0 	8
2174 	1940 	100000.0 	1
2398 	0392 	8613631.0 	26
2466 	0392 	995001.0 	5
823 	3750 	700000.0 	2
1464 	0158 	846266.0 	2
3078 	0392 	21623.0 	3
1009 	0158 	1666848.0 	4
1732 	0158 	3847029.0 	9
633 	4910 	10000.0 	1
3374 	0158 	849908.0 	2
4145 	0392 	5981120.0 	7
2062 	0158 	1286961.0 	3
3269 	0158 	7139963.0 	18
233 	0392 	2970328.0 	11
3353 	0158 	2933378.0 	7
416 	0392 	2322982.0 	8
2052 	0158 	1360580.0 	4
2215 	0392 	3975659.0 	17
3573 	0392 	19711.0 	1
185 	0392 	4973435.0 	21
1153 	0392 	3952179.0 	19
492 	6510 	20000.0 	2
1474 	0158 	83344.0 	4
2561 	0392 	993240.0 	1
3138 	6020 	2500000.0 	4
3986 	0392 	3495862.0 	11
302 	0158 	2145566.0 	5
1460 	0392 	7959478.0 	24
1944 	6030 	150000.0 	1
2665 	0158 	1713066.0 	4
19 	0392 	28626.0 	4
940 	0392 	7124.0 	1
2118 	0392 	7331711.0 	32
3198 	0158 	1664157.0 	4
150 	1210 	1000000.0 	4
1294 	0158 	2116016.0 	6
2039 	0158 	2492604.0 	6
3492 	0392 	4345202.0 	20
877 	0392 	3021185.0 	11
955 	0158 	2910123.0 	8
294 	0392 	3982255.0 	18
813 	0392 	6751600.0 	40
1061 	6400 	1.548E7 	36
2225 	5840 	10000.0 	1
3991 	0158 	6805376.0 	16
2559 	0158 	1707102.0 	4
1418 	0158 	866134.0 	5
3829 	0158 	1691562.0 	6
104 	0158 	1713854.0 	4
389 	0158 	3383142.0 	8
691 	0158 	2342135.0 	6
968 	0158 	6805928.0 	16
3923 	0158 	1.1717362E7 	64
2452 	0158 	1675976.0 	4
3476 	0158 	835710.0 	2
3648 	0392 	4918262.0 	16
6 	0158 	2516548.0 	6
669 	0392 	2982252.0 	11
3144 	0158 	2462450.0 	7
3897 	0158 	4282859.0 	12
4106 	0158 	4642971.0 	11
1124 	0158 	6802121.0 	18
1354 	0158 	2124751.0 	6
1560 	0392 	6364148.0 	19
4065 	6140 	200000.0 	1
207 	0392 	35818.0 	5
3939 	0392 	1986081.0 	9
356 	0158 	3325866.0 	8
629 	0158 	565644.0 	3
872 	0158 	20836.0 	1
3136 	0158 	1271014.0 	3
3574 	0158 	1706110.0 	4
1166 	0158 	2564756.0 	6
1318 	0392 	1986081.0 	9
3440 	0392 	3971625.0 	5
4144 	0392 	4160223.0 	19
644 	0158 	849908.0 	2
3498 	0158 	628494.0 	2
3558 	6020 	1600000.0 	4
3771 	0392 	506336.0 	4
4095 	0392 	1997518.0 	11
2382 	6020 	300000.0 	1
3031 	0158 	963847.0 	3
4148 	0392 	14313.0 	2
5 	0158 	1483021.0 	4
658 	0392 	4796253.0 	18
1352 	0158 	849908.0 	2
1880 	0392 	3313981.0 	12
2424 	0158 	8357279.0 	37
3294 	0158 	3823457.0 	9
3381 	0158 	3740837.0 	9
3596 	0608 	290196.0 	2
4122 	0158 	842614.0 	2
3261 	0158 	2958224.0 	7
3312 	0158 	1672668.0 	8
3735 	0608 	145098.0 	1
790 	0158 	2565840.0 	6
890 	0158 	2496044.0 	6
4135 	0158 	1705068.0 	4
2123 	0392 	2993178.0 	7
2538 	5620 	1090000.0 	5
67 	0158 	2496102.0 	6
1073 	0158 	4293472.0 	14
1120 	0392 	28609.0 	4
1558 	0392 	1931503.0 	7
1564 	0158 	46393.0 	4
2813 	0158 	2496102.0 	7
203 	0158 	1680273.0 	5
2439 	0158 	1682230.0 	4
925 	0158 	5138758.0 	12
2201 	0392 	14313.0 	2
1356 	0392 	1995005.0 	9
1450 	5880 	1430000.0 	3
3277 	0158 	3327954.0 	9
4131 	0158 	4222135.0 	11
77 	0392 	6977092.0 	7
626 	0392 	7931171.0 	13
1045 	0158 	1702534.0 	4
1545 	0158 	3407500.0 	8
1915 	0158 	1664192.0 	4
2661 	5280 	20000.0 	1
4197 	0158 	4245893.0 	11
357 	0158 	5031594.0 	13
176 	0392 	4942365.0 	6
1867 	3940 	20000.0 	2
3200 	2610 	10000.0 	1
582 	0392 	5621243.0 	23
855 	0158 	3407500.0 	8
1061 	6425 	10000.0 	1
2503 	0158 	840378.0 	2
2657 	0158 	6187969.0 	15
1282 	0392 	4992230.0 	21
323 	0158 	2861751.0 	7
741 	0158 	5639169.0 	22
1440 	0392 	26048.0 	1
2429 	0392 	1978974.0 	7
2627 	0158 	1627348.0 	5
2086 	3940 	10000.0 	1
3807 	0158 	4257494.0 	10
225 	0392 	2493509.0 	11
724 	3750 	400000.0 	2
2913 	5840 	320000.0 	1
207 	5510 	10000.0 	1
3166 	5210 	190000.0 	2
3252 	3940 	20000.0 	2
3333 	0392 	1990449.0 	9
4156 	0392 	4998548.0 	22
724 	3753 	100000.0 	1
1266 	0158 	2536588.0 	6
2329 	0392 	5959597.0 	20
918 	0392 	5959636.0 	20
946 	0158 	1695720.0 	5
1218 	0392 	7300659.0 	37
1740 	0158 	1679788.0 	4
1151 	1210 	30000.0 	1
2607 	0158 	4674540.0 	13
2588 	0392 	1999401.0 	4
3158 	0392 	8311180.0 	36
724 	3610 	900000.0 	5
1270 	0392 	2960246.0 	3
786 	0158 	750727.0 	2
1061 	6431 	790000.0 	3
2872 	0158 	842614.0 	2
2170 	0392 	4977982.0 	22
2551 	0158 	3383142.0 	12
2906 	0392 	2005901.0 	10
3795 	0158 	464166.0 	3
4023 	0158 	843280.0 	2
4162 	3990 	790000.0 	6
437 	0158 	3419084.0 	8
1061 	6438 	3720000.0 	15
1699 	0392 	5995429.0 	26
2417 	0158 	1754740.0 	6
2749 	0392 	3149336.0 	12
4186 	0392 	3933999.0 	4
922 	0392 	2981087.0 	11
981 	0158 	3595162.0 	10
227 	0392 	3987457.0 	17
553 	0158 	3742503.0 	11
3155 	0392 	3161233.0 	14
3462 	4910 	1100000.0 	5
2389 	0158 	861852.0 	2
2612 	3020 	10000.0 	1
3426 	0392 	7007682.0 	31
11 	0158 	828780.0 	2
482 	0392 	7209.0 	1
634 	0158 	5069630.0 	12
2455 	0158 	1712404.0 	4
3431 	7310 	410000.0 	11
4066 	0158 	5071839.0 	13
335 	0392 	4982223.0 	22
988 	0158 	2516548.0 	7
1065 	0392 	2636999.0 	11
1233 	0392 	1.0342093E7 	45
2178 	0158 	1707102.0 	4
3157 	0158 	2548284.0 	6
919 	6030 	1000.0 	1
3723 	0392 	7209.0 	1
3821 	0158 	2983186.0 	7
1169 	0158 	861852.0 	2
1306 	0158 	2561272.0 	6
2908 	0158 	5919549.0 	15
779 	0158 	1483021.0 	4
1421 	0392 	1168544.0 	6
1441 	0392 	4920739.0 	5
1494 	0392 	2497444.0 	5
3151 	0392 	8526020.0 	17
3764 	0392 	4020344.0 	12
21 	0158 	2536588.0 	6
1814 	0392 	6334603.0 	36
2824 	0392 	1995616.0 	4
59 	0158 	2536588.0 	7
298 	0158 	432887.0 	1
2119 	0158 	858738.0 	2
2278 	0158 	1682836.0 	4
2340 	0392 	1.0237207E7 	45
2871 	0392 	1509730.0 	5
3707 	0158 	1676422.0 	4
372 	0158 	1.110114E7 	26
312 	0392 	21623.0 	3
2066 	0392 	9552599.0 	31
3127 	0158 	3411919.0 	10
581 	5210 	1.81E7 	37
2587 	7110 	800000.0 	2
2608 	3050 	70000.0 	2
740 	3990 	2250000.0 	9
1394 	0392 	1007740.0 	2
2387 	0158 	5070912.0 	12
3561 	0158 	842044.0 	2
3315 	0392 	1.1036418E7 	49
506 	0158 	3383142.0 	8
1323 	0158 	4489433.0 	19
1653 	0392 	3116202.0 	15
2893 	0392 	2047815.0 	10
3726 	0392 	3646048.0 	16
2136 	0392 	3985179.0 	9
3021 	3750 	180000.0 	6
3226 	0392 	3661714.0 	17
3521 	0158 	857974.0 	2
399 	0392 	6971169.0 	11
2249 	0158 	1664157.0 	4
2535 	0158 	861852.0 	2
3626 	0158 	1708448.0 	4
4011 	0392 	9962857.0 	43
1382 	4510 	450000.0 	7
1638 	0392 	3728726.0 	17
1688 	0158 	850646.0 	2
1827 	0392 	501765.0 	3
2672 	0158 	6816976.0 	16
2846 	0392 	7227.0 	1
1856 	0158 	3221878.0 	9
3229 	0158 	3396360.0 	9
3494 	0158 	1696912.0 	4
3554 	0158 	3425714.0 	9
3021 	3612 	40000.0 	2
1123 	0392 	4332219.0 	18
4172 	0392 	5979029.0 	13
196 	0158 	218164.0 	1
1569 	0158 	2986557.0 	7
2428 	0392 	3495901.0 	15
2904 	0392 	8988013.0 	11
752 	0158 	857530.0 	2
1321 	0392 	3344553.0 	18
665 	0392 	3982965.0 	6
1364 	0392 	1984938.0 	9
2931 	2280 	40000.0 	2
3466 	0392 	5722911.0 	25
889 	0158 	2536588.0 	6
1682 	0158 	3405788.0 	8
2040 	0158 	3473159.0 	9
2346 	0158 	9839086.0 	23
2472 	0392 	1986081.0 	9
3911 	0158 	2520166.0 	6
144 	0392 	2979900.0 	13
928 	6020 	2000000.0 	4
1959 	0158 	1667318.0 	4
3937 	0158 	830868.0 	2
953 	0158 	1675976.0 	4
1502 	0392 	42770.0 	6
2767 	0158 	1707942.0 	4
3105 	0158 	1664192.0 	4
563 	0158 	3740258.0 	9
1658 	0392 	2980557.0 	11
2823 	0158 	3396117.0 	9
3321 	6020 	700000.0 	2
3496 	0158 	3328326.0 	9
2198 	0158 	3847647.0 	11
530 	0158 	2083560.0 	5
1673 	0158 	1.0148585E7 	40
2026 	0158 	3407500.0 	8
1043 	0158 	1683348.0 	4
1541 	0392 	3130393.0 	13
2775 	0158 	2682020.0 	10
3008 	0392 	7953911.0 	40
3685 	0158 	1708876.0 	4
1261 	0392 	3041823.0 	14
3351 	0392 	2871589.0 	10
168 	0392 	1986583.0 	9
2125 	0158 	1710428.0 	4
285 	0158 	1285514.0 	3
845 	0158 	2562312.0 	6
2304 	6900 	100000.0 	1
2629 	0158 	3424498.0 	11
559 	0392 	2323908.0 	10
1107 	0158 	1679788.0 	4
507 	0392 	8607547.0 	26
835 	0392 	6308690.0 	32
1253 	0158 	1712514.0 	4
2698 	0392 	2008001.0 	10
3266 	0392 	1.2944109E7 	17
670 	0392 	5952559.0 	25
2727 	1100 	600000.0 	2
2765 	0392 	503546.0 	4
62 	0158 	416559.0 	1
992 	0392 	1992083.0 	9
3903 	0158 	830868.0 	2
4047 	0158 	1712682.0 	4
210 	0158 	6710714.0 	17
1409 	6900 	690000.0 	2
1621 	0392 	35672.0 	5
1720 	0392 	1990155.0 	8
1866 	5840 	20000.0 	1
2701 	0392 	4316539.0 	15
4050 	3940 	20000.0 	2
803 	0158 	1666848.0 	5
2733 	0392 	1.0367977E7 	20
3164 	0158 	853776.0 	4
2323 	0392 	2978426.0 	13
2358 	0392 	4255985.0 	14
2548 	0158 	2127850.0 	5
2557 	0158 	1262422.0 	3
620 	0158 	2557604.0 	7
4036 	0158 	1693972.0 	4
4043 	0392 	49712.0 	7
205 	0158 	5504256.0 	13
646 	0158 	7248247.0 	20
3542 	5880 	5290000.0 	13
4200 	0392 	4979630.0 	22
818 	0158 	3424496.0 	8
2445 	0158 	2550960.0 	6
2614 	0158 	846266.0 	2
3154 	0158 	850646.0 	2
405 	0158 	839894.0 	2
2153 	0158 	1705914.0 	4
2732 	0158 	1675976.0 	4
2804 	0158 	2143401.0 	5
951 	0158 	2982149.0 	9
2489 	0158 	1665176.0 	4
445 	0158 	7140944.0 	18
882 	0392 	19711.0 	1
2210 	0392 	8091919.0 	39
3488 	0158 	3192179.0 	9
3830 	0392 	3978439.0 	16
452 	0158 	849909.0 	3
885 	5320 	150000.0 	3
896 	0158 	840378.0 	2
1907 	0392 	5669431.0 	27
2034 	0158 	4699497.0 	11
2875 	0158 	2536588.0 	6
3422 	0392 	1991764.0 	9
4082 	0158 	1041780.0 	4
4212 	0158 	3354606.0 	9
594 	0158 	4371455.0 	15
2876 	0392 	8959972.0 	14
1576 	0392 	2983936.0 	13
2613 	0392 	1994944.0 	3
3428 	0158 	3395984.0 	8
3980 	0158 	851139.0 	3
550 	0392 	5964952.0 	24
676 	0158 	1691562.0 	4
1916 	0158 	4257494.0 	10
3733 	0158 	836806.0 	2
1778 	0158 	850646.0 	2
2805 	0158 	857624.0 	2
3901 	0392 	1001623.0 	5
386 	3940 	20000.0 	2
1198 	3990 	1240000.0 	6
191 	0158 	3903765.0 	13
663 	0392 	1039175.0 	6
2494 	0392 	989656.0 	5
3053 	0158 	2548632.0 	7
983 	0158 	2548284.0 	7
2663 	5923 	630000.0 	3
3888 	3930 	1.575E7 	54
4010 	0158 	3854726.0 	10
3464 	0158 	1664192.0 	4
4087 	0392 	2322518.0 	11
3354 	0392 	9884940.0 	43
3933 	0158 	1270626.0 	3
3963 	3990 	920000.0 	5
1130 	0158 	1669134.0 	4
2043 	0392 	7350839.0 	33
2250 	0392 	7099.0 	1
2738 	0392 	4648360.0 	19
3826 	0158 	1663820.0 	4
461 	0158 	837992.0 	2
1646 	0158 	9189371.0 	38
2880 	0392 	21623.0 	3
3630 	0158 	6708112.0 	16
3405 	0392 	1997518.0 	10
3861 	0392 	7111.0 	1
1510 	0158 	3008988.0 	7
1694 	0392 	4961431.0 	21
3202 	5510 	10000.0 	1
4022 	0158 	1712208.0 	5
474 	0158 	3413335.0 	10
575 	0392 	2973430.0 	13
3006 	0158 	1679788.0 	4
4055 	5510 	10000.0 	1
548 	0392 	656872.0 	3
4064 	0158 	1283697.0 	3
381 	0392 	5638489.0 	19
796 	0392 	3143035.0 	14
2522 	0158 	9805993.0 	23
1214 	0158 	2805108.0 	9
1459 	0158 	5998703.0 	24
2385 	3750 	1210000.0 	6
2456 	0158 	4173606.0 	11
619 	0392 	9480202.0 	44
824 	0392 	3998552.0 	5
82 	0158 	3397994.0 	8
1159 	0392 	2984879.0 	13
344 	0158 	842044.0 	2
608 	0158 	833424.0 	2
2478 	0158 	2173.0 	1
1262 	0392 	4010613.0 	18
1602 	0392 	14313.0 	2
1970 	0158 	6706636.0 	17
2743 	0158 	2999548.0 	10
3301 	0158 	1717256.0 	4
3372 	6020 	3000000.0 	7
708 	0158 	1274862.0 	3
17 	0158 	429369.0 	1
714 	0392 	2047548.0 	10
2974 	0158 	4379300.0 	15
4137 	0392 	986615.0 	2
1018 	0158 	1759397.0 	5
1528 	0158 	840378.0 	2
2222 	0158 	420837.0 	1
3059 	0392 	6073979.0 	10
425 	0392 	4042375.0 	19
2030 	0158 	1665176.0 	4
2779 	1000 	920000.0 	6
1053 	3010 	10000.0 	1
2631 	0392 	8993542.0 	10
2305 	0392 	14313.0 	2
3822 	0158 	1712514.0 	4
827 	0392 	7360.0 	1
4188 	0158 	1695720.0 	4
2324 	0392 	6310677.0 	30
3088 	2610 	30000.0 	3
3237 	0392 	4965142.0 	21
350 	0158 	2079626.0 	5
2471 	0158 	843280.0 	2
2589 	0158 	3396620.0 	9
1692 	0158 	1285470.0 	3
2183 	0392 	7111.0 	1
3660 	0392 	14418.0 	2
3893 	0392 	4975406.0 	6
3964 	0158 	1903822.0 	5
4141 	0392 	8407575.0 	32
526 	0158 	1382911.0 	4
1884 	0158 	5133227.0 	16
2967 	0158 	856456.0 	2
291 	0158 	1194783.0 	3
2054 	0392 	5970393.0 	23
2798 	0158 	2562312.0 	6
180 	0158 	3093994.0 	10
3899 	5620 	1110000.0 	3
105 	0158 	1446712.0 	8
3490 	0392 	3523014.0 	15
4204 	0158 	5913696.0 	14
839 	0158 	2536588.0 	6
1483 	0158 	2547900.0 	7
2202 	0158 	1253565.0 	4
444 	0158 	5873212.0 	15
3456 	0158 	1689546.0 	4
3882 	0158 	7131534.0 	20
1245 	0392 	3332471.0 	16
3757 	0158 	2548998.0 	6
4055 	0158 	4249036.0 	10
1960 	0158 	2372958.0 	8
2832 	0392 	506105.0 	3
2942 	0392 	2317923.0 	9
3658 	0158 	836806.0 	2
3042 	0158 	2548999.0 	7
3289 	0392 	5958045.0 	21
1561 	0158 	3942527.0 	14
1592 	0392 	8587730.0 	28
3908 	2720 	10000.0 	1
280 	0158 	2561272.0 	6
678 	0392 	3970034.0 	17
1969 	5510 	10000.0 	1
2189 	0158 	1713004.0 	4
2434 	0392 	9979394.0 	12
3146 	0158 	2910122.0 	7
726 	0158 	3354607.0 	9
767 	0392 	1984257.0 	9
2239 	0158 	2912243.0 	7
2464 	0392 	4937798.0 	5
3831 	0158 	2557604.0 	8
178 	0392 	1004994.0 	6
1467 	0392 	2500498.0 	12
1990 	0158 	3383143.0 	9
3480 	5210 	1.06E7 	22
1565 	0158 	2557604.0 	6
2552 	0158 	2134502.0 	5
4125 	0158 	3407500.0 	8
1132 	0158 	2534147.0 	7
1609 	0158 	1702722.0 	4
2063 	0158 	6387211.0 	15
2766 	0158 	1672516.0 	4
2848 	0392 	6087539.0 	28
3214 	0158 	3426906.0 	8
4102 	0158 	2135330.0 	6
355 	0392 	2681349.0 	12
706 	0392 	5994172.0 	27
3205 	0392 	4054583.0 	19
3410 	0392 	14313.0 	2
70 	0392 	4968476.0 	20
3551 	0392 	4972853.0 	19
4211 	6900 	600000.0 	2
33 	0158 	3383142.0 	8
3174 	0392 	986153.0 	4
1013 	0158 	2571511.0 	7
2006 	0392 	2644285.0 	11
2068 	0158 	9382422.0 	28
2556 	0392 	9029610.0 	39
3055 	0158 	3416606.0 	8
217 	0392 	6987693.0 	30
363 	0158 	842614.0 	2
1715 	0392 	4975406.0 	6
3369 	0158 	2562312.0 	6
811 	5810 	30000.0 	1
1432 	0392 	9508058.0 	44
1911 	0158 	1702504.0 	4
3856 	5840 	10000.0 	1
4069 	4980 	700000.0 	5
3015 	0392 	7449914.0 	37
3916 	0158 	1706110.0 	4
1504 	0158 	861853.0 	3
2730 	0158 	2117710.0 	5
3402 	0392 	3506737.0 	12
4206 	3940 	10000.0 	1
572 	5510 	10000.0 	1
3971 	0392 	5315322.0 	23
888 	0158 	1675976.0 	4
1260 	0392 	6080922.0 	22
1612 	0158 	4273572.0 	10
3285 	0392 	9887660.0 	40
3633 	0158 	2497086.0 	6
1304 	0158 	2978327.0 	11
322 	0158 	3419084.0 	8
453 	0158 	1246302.0 	3
1978 	0158 	1542656.0 	7
2100 	0392 	9965392.0 	11
2600 	0158 	107247.0 	1
3486 	0158 	3411918.0 	9
2449 	0158 	1677278.0 	4
2612 	0392 	2992365.0 	10
318 	0158 	3324882.0 	8
759 	0158 	7129710.0 	18
4115 	0158 	3380460.0 	8
164 	0158 	3354606.0 	8
1913 	0158 	1683348.0 	4
41 	3930 	10000.0 	1
817 	6020 	2500000.0 	6
1982 	5920 	130000.0 	2
3020 	0158 	420146.0 	2
3113 	0158 	2659410.0 	14
4211 	5950 	260000.0 	1
277 	0392 	5987637.0 	25
2492 	0158 	6193878.0 	17
2678 	0392 	8484231.0 	12
438 	1224 	90000.0 	3
969 	0392 	19711.0 	1
1170 	0392 	7018910.0 	30
1501 	0392 	4975952.0 	16
2013 	0158 	1220088.0 	4
2954 	0158 	1713066.0 	4
864 	0392 	7986303.0 	32
1663 	0392 	7056.0 	1
1991 	0392 	1007740.0 	2
3365 	0392 	6985277.0 	29
3851 	0158 	996236.0 	4
1434 	0158 	828780.0 	2
1857 	0158 	2555230.0 	6
2576 	0158 	839894.0 	2
2104 	0392 	986192.0 	4
1831 	3753 	590000.0 	4
3346 	0158 	851252.0 	2
1047 	0158 	3623250.0 	10
1795 	3990 	2590000.0 	14
1826 	0392 	1039175.0 	6
1737 	4910 	260000.0 	10
2235 	0158 	3381256.0 	8
3875 	0158 	5138906.0 	12
3912 	0158 	2497087.0 	7
331 	0392 	78974.0 	3
1867 	0392 	3983582.0 	18
3793 	0392 	1997590.0 	8
4034 	0158 	321741.0 	3
690 	0158 	2099735.0 	5
1831 	3612 	250000.0 	2
2060 	0392 	8943389.0 	12
2157 	0158 	2536588.0 	7
2204 	0158 	1664192.0 	4
2894 	0158 	3399964.0 	8
3051 	0392 	1.0288139E7 	33
2094 	0392 	6023151.0 	20
2381 	0392 	3311767.0 	14
2757 	0392 	3999260.0 	6
3142 	0158 	830868.0 	2
3704 	6140 	10000.0 	1
3947 	0392 	3973033.0 	7
371 	0158 	850646.0 	2
3272 	0392 	994624.0 	5
3776 	0392 	6630450.0 	31
57 	0392 	999240.0 	5
911 	0158 	1713066.0 	4
1548 	1224 	50000.0 	1
2746 	0158 	2099735.0 	5
3273 	0158 	1664192.0 	4
3920 	0158 	1707102.0 	4
146 	0158 	2535812.0 	6
3080 	0392 	14313.0 	2
3873 	0158 	6707628.0 	16
3922 	0158 	2745154.0 	12
856 	0392 	2501221.0 	13
901 	0158 	1680272.0 	4
3314 	0158 	2496102.0 	6
1788 	0158 	2513228.0 	6
1885 	0158 	1712682.0 	4
3994 	5810 	150000.0 	2
120 	0158 	3772773.0 	9
1017 	0392 	7056.0 	1
3607 	0158 	1680272.0 	4
3539 	0158 	1679788.0 	4
3701 	0158 	2994285.0 	7
3815 	0158 	1328517.0 	9
3057 	0158 	4254244.0 	10
3334 	0158 	836806.0 	2
3804 	0392 	3967969.0 	16
4215 	0392 	6441969.0 	31
937 	0158 	2493729.0 	6
1400 	0392 	1988384.0 	9
1904 	0158 	833424.0 	3
2685 	0158 	8976847.0 	40
2789 	0158 	842614.0 	2
3169 	0158 	4724466.0 	21
1188 	0158 	2193332.0 	6
1449 	0392 	504655.0 	3
2421 	1240 	10000.0 	1
1039 	0158 	1285470.0 	3
1556 	0158 	842614.0 	4
2809 	0158 	2548998.0 	6
3305 	0158 	5067142.0 	12
50 	0158 	984632.0 	3
2624 	0158 	3383142.0 	8
3195 	4910 	890000.0 	3
719 	0392 	1036746.0 	6
1052 	0158 	2080610.0 	5
1173 	0158 	2908348.0 	7
1594 	0158 	419064.0 	1
3664 	0158 	6826940.0 	18
3713 	0158 	1705265.0 	4
1524 	0158 	1712404.0 	4
1891 	0392 	1.1959316E7 	15
2591 	0158 	1676186.0 	4
2952 	0158 	2135850.0 	5
3336 	0158 	1814159.0 	5
4050 	0392 	4310867.0 	19
148 	0158 	3413660.0 	9
1150 	0158 	6019421.0 	15
1208 	0392 	496939.0 	3
1785 	0158 	2543880.0 	6
2321 	0158 	8035978.0 	19
2963 	0158 	5915152.0 	14
3427 	0158 	1072017.0 	10
1002 	6020 	2000000.0 	3
1478 	0158 	1823581.0 	5
2082 	0158 	2215065.0 	12
2155 	0158 	1510538.0 	7
2919 	0392 	4983264.0 	5
4187 	5850 	4000.0 	1
523 	0392 	4309412.0 	14
3858 	0158 	1667991.0 	4
463 	0158 	1933032.0 	6
2420 	0158 	3095227.0 	8
2850 	0158 	4597646.0 	20
202 	0158 	2766814.0 	7
3079 	0158 	840378.0 	2
1121 	0392 	3975549.0 	10
1267 	3940 	10000.0 	1
3216 	8319 	100000.0 	1
4146 	0158 	5998924.0 	14
1114 	0158 	4257494.0 	10
2406 	0158 	1713004.0 	4
3320 	0158 	849908.0 	2
3470 	0392 	2324760.0 	8
3173 	0158 	2625381.0 	10
3515 	0158 	2139957.0 	5
1601 	0392 	14313.0 	2
1816 	0392 	2982486.0 	10
3050 	0158 	2910122.0 	7
4038 	0158 	1680272.0 	4
791 	0158 	2557604.0 	7
2103 	0158 	861852.0 	2
2526 	0392 	7784153.0 	34
56 	0158 	2983449.0 	7
413 	0392 	9969998.0 	14
1717 	0158 	1705914.0 	6
1840 	0392 	9814020.0 	14
3064 	0392 	7196.0 	1
454 	0392 	3302149.0 	13
1893 	0158 	7563136.0 	18
3363 	0158 	843280.0 	2
3562 	0158 	853776.0 	2
4185 	5510 	10000.0 	1
40 	0392 	4980177.0 	20
211 	0392 	7151511.0 	33
727 	0158 	6805928.0 	16
1921 	0158 	416559.0 	1
2142 	0158 	2573458.0 	6
2574 	0158 	2562312.0 	6
974 	0158 	3354606.0 	8
1414 	0158 	2496103.0 	7
4045 	0392 	4749834.0 	23
1671 	0392 	1985165.0 	9
3244 	0392 	1991931.0 	9
4008 	0392 	7111.0 	1
1228 	0392 	5905329.0 	19
3306 	0392 	2981087.0 	11
1182 	0392 	4175798.0 	19
2751 	0158 	416712.0 	1
1274 	0158 	5991667.0 	17
603 	0392 	2943680.0 	4
1886 	0392 	8347660.0 	36
2636 	0158 	2565358.0 	6
3529 	0158 	6710014.0 	16
1842 	0158 	1880504.0 	5
1934 	0392 	7310.0 	1
2462 	0158 	854496.0 	2
232 	5620 	10000.0 	1
821 	0158 	2947001.0 	13
1669 	0392 	4298396.0 	18
1735 	0158 	3334252.0 	9
2234 	0158 	2567984.0 	6
3161 	0158 	2174695.0 	7
3584 	0392 	9808170.0 	42
4081 	5920 	7400000.0 	22
15 	2610 	10000.0 	1
668 	0158 	1889883.0 	5
802 	0392 	2647765.0 	12
1531 	0158 	1155596.0 	3
3236 	0158 	5071370.0 	12
1105 	0158 	6791978.0 	16
1648 	0392 	2979478.0 	14
2857 	0392 	1992571.0 	8
3994 	5880 	160000.0 	4
4081 	5923 	150000.0 	1
906 	0158 	835710.0 	2
1373 	5810 	50000.0 	2
1870 	0158 	432887.0 	1
2286 	0158 	854496.0 	2
3076 	0392 	5312683.0 	26
3669 	0392 	2937795.0 	6
3890 	0158 	2562312.0 	6
3994 	5883 	70000.0 	3
4071 	0392 	4293265.0 	17
789 	0392 	5074090.0 	17
1776 	0158 	1719524.0 	7
3087 	0158 	1707102.0 	4
3484 	0392 	4964141.0 	20
2676 	0392 	2947259.0 	3
3134 	0158 	2545112.0 	6
3295 	0158 	216505.0 	3
1196 	0158 	9741229.0 	23
2114 	0158 	4224866.0 	11
2523 	0158 	6805928.0 	16
2997 	0392 	100506.0 	6
3039 	0158 	5075661.0 	13
3103 	0392 	3971998.0 	16
2196 	0392 	6567338.0 	26
2990 	0158 	3396620.0 	10
3806 	0392 	2985464.0 	12
177 	0392 	2004989.0 	10
605 	0158 	2767118.0 	11
1157 	0158 	6393525.0 	15
279 	0158 	1199381.0 	3
3209 	0158 	3291998.0 	17
4081 	5930 	60000.0 	1
1466 	0392 	4794140.0 	10
3637 	0158 	842044.0 	2
3997 	0158 	4222456.0 	10
2408 	0158 	857530.0 	2
2550 	0158 	5072916.0 	12
1257 	0158 	2610185.0 	13
3102 	0158 	4277696.0 	13
3404 	0158 	2556759.0 	7
3653 	0392 	1499670.0 	6
3749 	0392 	3171771.0 	14
3847 	5620 	970000.0 	4
2164 	0158 	1675976.0 	4
2227 	0158 	6720154.0 	16
369 	0392 	1.2575987E7 	21
3857 	0158 	984632.0 	4
2057 	0392 	2983663.0 	13
2481 	0158 	4615044.0 	11
2532 	0158 	4257494.0 	11
938 	0158 	839894.0 	2
1100 	0392 	14313.0 	2
775 	0158 	6833763.0 	17
1048 	0158 	843280.0 	2
1297 	0392 	7245.0 	1
1599 	0158 	839894.0 	2
3695 	0158 	2496102.0 	7
619 	3940 	10000.0 	1
1005 	0392 	5722500.0 	19
1244 	0158 	857326.0 	4
2150 	0392 	144994.0 	12
4185 	0158 	2573458.0 	6
1709 	3750 	2030000.0 	12
2844 	0392 	3316727.0 	13
3304 	0392 	1995619.0 	4
622 	0392 	9955064.0 	41
1010 	0158 	1663299.0 	4
1801 	0158 	9686729.0 	40
1883 	0158 	3322738.0 	8
3651 	0158 	3783908.0 	14
4120 	0392 	1039175.0 	6
2702 	0158 	1689546.0 	4
3924 	0392 	2981786.0 	11
1103 	5510 	10000.0 	1
2045 	0158 	4280820.0 	13
2444 	0158 	3312127.0 	44
2936 	0392 	1.3949362E7 	15
1832 	0158 	5913697.0 	15
2475 	0158 	843280.0 	2
3274 	0392 	19711.0 	1
228 	0392 	2669520.0 	14
1496 	0158 	858738.0 	3
1872 	0392 	1166696.0 	6
2270 	0392 	1636455.0 	7
3300 	0392 	3974231.0 	16
3571 	0392 	2019899.0 	10
133 	0392 	5954628.0 	21
914 	0392 	4981173.0 	6
720 	0158 	830868.0 	2
741 	0392 	35555.0 	5
926 	0392 	1985801.0 	9
933 	0158 	2560228.0 	6
1979 	0392 	9972383.0 	42
2653 	0158 	4069426.0 	10
3789 	0392 	3385171.0 	17
4048 	0392 	6350048.0 	11
4173 	0158 	1247427.0 	3
259 	0158 	2530984.0 	6
1917 	0392 	5848715.0 	32
3203 	0158 	2567984.0 	6
4007 	0392 	7111.0 	1
450 	0392 	2988594.0 	11
808 	0392 	3961186.0 	6
1610 	0158 	2969383.0 	7
1734 	1100 	300000.0 	3
2085 	0158 	1696912.0 	4
2463 	0158 	2574880.0 	6
49 	6020 	4000000.0 	8
611 	0158 	1664192.0 	4
2372 	0158 	842614.0 	2
1680 	0158 	1283145.0 	3
3264 	0158 	432887.0 	1
721 	5850 	338000.0 	4
936 	0158 	2547234.0 	6
2675 	0158 	3354606.0 	8
3348 	0158 	847084.0 	2
3611 	0392 	7011712.0 	17
446 	0392 	9983611.0 	15
1386 	0392 	5284066.0 	22
1967 	0158 	1787397.0 	8
3132 	5210 	1340000.0 	6
3962 	0158 	1781643.0 	5
894 	0158 	3432504.0 	8
1946 	0158 	3394886.0 	8
2432 	6020 	2600000.0 	5
947 	0158 	6916111.0 	17
1223 	0392 	1007753.0 	2
1259 	0158 	839894.0 	2
2181 	0392 	14222.0 	2
2983 	0158 	1664192.0 	4
376 	0158 	1713004.0 	4
2843 	0392 	4035084.0 	19
3840 	0158 	429314.0 	1
1330 	0158 	2574880.0 	6
1949 	6020 	2500000.0 	7
1102 	0158 	1702534.0 	4
2923 	0392 	8462901.0 	30
261 	0392 	1997355.0 	3
349 	0392 	4966720.0 	7
1736 	0158 	1692532.0 	5
2307 	0392 	6974.0 	1
3067 	4520 	970000.0 	19
2820 	0158 	2562312.0 	6
1792 	0158 	1689546.0 	4
1932 	0158 	2974463.0 	10
764 	0158 	1069486.0 	3
1163 	0158 	854980.0 	2
1593 	0392 	6849.0 	1
972 	0158 	2111367.0 	5
1080 	0392 	2987832.0 	4
2910 	0392 	2992041.0 	5
3073 	0158 	1705124.0 	5
1719 	0158 	1675976.0 	4
2513 	4910 	3920000.0 	11
2533 	0158 	4192734.0 	13
2567 	0158 	2496102.0 	6
2709 	0392 	7397.0 	1
1000 	0158 	2377535.0 	7
1492 	0158 	2318536.0 	7
2295 	0158 	1705914.0 	4
2453 	0158 	3004194.0 	7
2710 	0158 	850844.0 	2
3501 	0158 	2500499.0 	9
1278 	0158 	1691562.0 	4
3809 	0158 	6628042.0 	17
3926 	0158 	2944567.0 	10
174 	0158 	1689546.0 	4
1361 	0158 	1706074.0 	5
2737 	0392 	3968563.0 	14
3867 	0158 	847527.0 	3
26 	0392 	3975120.0 	17
86 	6654 	30000.0 	1
1432 	3940 	10000.0 	1
2090 	6020 	2700000.0 	6
2726 	0158 	427576.0 	2
300 	0158 	7240212.0 	31
729 	0158 	4346.0 	2
69 	0158 	2573458.0 	6
81 	0158 	2582953.0 	7
687 	0392 	2488104.0 	12
1830 	0158 	1905833.0 	5
1224 	0158 	850646.0 	2
1305 	6260 	1200000.0 	4
2975 	0392 	7916326.0 	10
3786 	0392 	8122940.0 	39
631 	0158 	6721880.0 	17
657 	0158 	4339284.0 	11
3778 	0392 	7308557.0 	30
71 	0158 	5067147.0 	13
829 	0392 	5970702.0 	25
965 	0392 	3641266.0 	14
16 	0392 	9891468.0 	43
1748 	0158 	2912520.0 	8
1906 	0158 	850844.0 	2
3275 	0158 	1899353.0 	6
3386 	0158 	2361543.0 	12
3502 	2610 	10000.0 	1
4213 	0158 	4440233.0 	11
2211 	0392 	1.0877212E7 	13
2316 	0158 	2993319.0 	8
2866 	0158 	4265350.0 	10
2962 	0158 	1691562.0 	4
3850 	0158 	215463.0 	1
3910 	0392 	4930693.0 	17
1061 	6420 	3490000.0 	12
1373 	5880 	200000.0 	3
2287 	0392 	4382908.0 	21
3993 	0158 	1687704.0 	4
883 	0158 	843280.0 	2
1332 	0158 	3105096.0 	9
3511 	0158 	1680272.0 	5
617 	0158 	3806419.0 	9
756 	0392 	5905368.0 	19
1258 	0392 	2953746.0 	3
2004 	0158 	965878.0 	3
2381 	3940 	10000.0 	1
3088 	0158 	746765.0 	3
3960 	0158 	2524844.0 	6
1836 	5810 	20000.0 	2
2902 	0158 	2567394.0 	6
3969 	0158 	2564756.0 	6
3217 	0392 	3941218.0 	5
3368 	0158 	1683348.0 	4
1868 	0158 	856324.0 	2
2124 	0392 	3314498.0 	16
4057 	0158 	2562312.0 	6
2595 	0158 	2248028.0 	11
1465 	0392 	1985165.0 	9
1651 	0392 	14222.0 	2
2058 	0158 	1713004.0 	4
2901 	0158 	2259513.0 	6
654 	0392 	9627728.0 	44
1945 	0158 	2532600.0 	6
2135 	0392 	49530.0 	7
3489 	0392 	997955.0 	5
4018 	0158 	5431641.0 	15
724 	3612 	650000.0 	5
2771 	0392 	998452.0 	6
3083 	0392 	1982529.0 	9
3309 	6020 	2000000.0 	3
3941 	0392 	2992634.0 	14
2560 	0158 	1109882.0 	4
2590 	0158 	1915730.0 	12
360 	0158 	842614.0 	2
1987 	0392 	1.3008766E7 	35
2838 	3750 	430000.0 	2
4159 	5880 	10000.0 	1
3563 	0158 	857974.0 	2
1678 	0158 	6337140.0 	17
1931 	6030 	300000.0 	1
2643 	0158 	4155719.0 	10
2729 	0158 	1145552.0 	6
3262 	0392 	1648260.0 	7
135 	0392 	1.0973919E7 	48
1742 	0158 	846266.0 	2
1992 	0392 	7961552.0 	18
2966 	4520 	3120000.0 	21
3379 	6170 	80000.0 	1
3434 	0158 	8911908.0 	24
3457 	0392 	3317019.0 	16
3905 	0158 	839894.0 	2
394 	0392 	5803341.0 	28
2838 	3610 	100000.0 	1
3235 	0158 	1702504.0 	4
898 	3990 	1300000.0 	6
1482 	3940 	20000.0 	2
3810 	0158 	2567689.0 	7
351 	0158 	1550196.0 	4
1201 	0158 	1675976.0 	4
1593 	0158 	218833.0 	2
2301 	6140 	50000.0 	2
3623 	0158 	6423331.0 	18
3671 	0392 	502143.0 	2
3741 	0158 	2102038.0 	5
332 	0158 	5067143.0 	13
1487 	0158 	8632625.0 	33
1929 	5840 	1000000.0 	7
949 	0392 	4600535.0 	19
95 	0392 	4147564.0 	19
114 	0158 	2567984.0 	6
1607 	0158 	2079254.0 	5
2075 	0158 	2573458.0 	6
2165 	5810 	1.65E7 	27
3270 	0158 	5636765.0 	21
241 	0392 	21956.0 	3
990 	0392 	6555687.0 	38
3082 	0392 	2979664.0 	13
1341 	0158 	2553378.0 	6
1768 	0158 	6805928.0 	16
1075 	0392 	2455791.0 	16
2140 	0392 	1.0606683E7 	34
3094 	0158 	3354607.0 	10
541 	0158 	977827.0 	3
1327 	0392 	14313.0 	2
2317 	0392 	1673238.0 	9
3455 	0158 	857624.0 	2
3639 	0158 	846266.0 	2
1450 	6730 	1980000.0 	5
2061 	0158 	320042.0 	1
3536 	0392 	6040051.0 	20
3608 	0158 	4221358.0 	10
383 	0158 	2823692.0 	8
1145 	0392 	1994944.0 	3
1571 	6510 	110000.0 	7
2412 	0392 	2319752.0 	10
1336 	0392 	6057052.0 	28
1700 	0392 	2989349.0 	13
2251 	0392 	979855.0 	4
2731 	0158 	3325866.0 	8
2985 	0158 	3360060.0 	8
1611 	0158 	7548278.0 	20
1756 	5883 	10000.0 	1
3545 	0392 	2326038.0 	9
4154 	0158 	849908.0 	2
4205 	0158 	2557604.0 	7
3843 	5920 	590000.0 	2
4109 	0392 	1008459.0 	3
833 	0158 	861852.0 	2
2413 	0158 	2514314.0 	6
2703 	0392 	6722395.0 	34
3787 	0158 	2079568.0 	5
3891 	0158 	3383142.0 	9
2511 	0158 	773120.0 	4
1472 	0158 	2702881.0 	11
3751 	0392 	993795.0 	3
4049 	0392 	1.029276E7 	42
491 	3940 	10000.0 	1
1268 	1210 	10000.0 	1
1521 	0158 	1038585.0 	3
2525 	0158 	2556758.0 	6
3196 	3990 	1240000.0 	5
3886 	0158 	938790.0 	4
3141 	0392 	21255.0 	3
1628 	0158 	1677278.0 	4
1964 	0158 	5071371.0 	13
2513 	4980 	880000.0 	6
3027 	0392 	7255521.0 	34
380 	0158 	3548890.0 	9
2991 	0158 	1248552.0 	3
3175 	0158 	6706952.0 	16
3439 	0158 	1833680.0 	8
3644 	0158 	1680272.0 	4
1478 	2740 	10000.0 	1
1836 	6020 	530000.0 	12
1966 	0158 	1744521.0 	6
3441 	0392 	5323990.0 	14
3880 	0392 	9911906.0 	10
3459 	5910 	2000000.0 	4
1234 	6510 	130000.0 	10
2393 	0392 	3657089.0 	16
253 	0158 	5528013.0 	13
688 	0392 	3038753.0 	14
2217 	0158 	5069630.0 	13
3817 	0158 	856202.0 	3
51 	0158 	4229697.0 	11
251 	0392 	8606711.0 	26
1605 	0392 	2653264.0 	11
1828 	0392 	21385.0 	3
1879 	0392 	7043.0 	1
3092 	0158 	1247344.0 	3
3193 	0392 	42770.0 	6
3705 	0392 	1.0495214E7 	45
651 	0392 	2982380.0 	10
89 	0158 	9194560.0 	36
681 	0158 	4460754.0 	13
1084 	0158 	1268932.0 	3
1395 	0158 	3838387.0 	10
648 	0392 	3336792.0 	17
1757 	0158 	627382.0 	3
2542 	0158 	2128520.0 	5
1197 	0158 	7125483.0 	17
2628 	0392 	4379656.0 	20
3547 	0392 	3288018.0 	14
98 	0158 	843280.0 	2
303 	0392 	2353823.0 	12
68 	0158 	208356.0 	1
664 	0392 	4008068.0 	18
2271 	0158 	2548998.0 	6
686 	0392 	5028951.0 	15
2446 	0392 	984380.0 	4
2684 	0158 	833424.0 	3
3223 	0158 	1712405.0 	5
4074 	0158 	3436540.0 	8
262 	0392 	2325846.0 	8
1624 	0392 	4342031.0 	20
2699 	0158 	2543178.0 	6
3409 	0158 	597844.0 	3
236 	0392 	5294561.0 	23
1162 	0158 	2573458.0 	6
2377 	0158 	1927980.0 	5
860 	0158 	2545113.0 	8
923 	0392 	1.1964725E7 	14
1195 	0158 	851252.0 	2
354 	0158 	849908.0 	2
928 	0158 	5044154.0 	13
1179 	0158 	2536588.0 	6
1284 	0158 	424228.0 	1
1359 	6030 	10000.0 	1
2029 	0158 	3416934.0 	8
2258 	0158 	1713066.0 	4
2371 	0392 	4787718.0 	10
3442 	0392 	1470816.0 	3
234 	0158 	5915938.0 	15
1355 	0392 	21400.0 	3
2645 	0392 	4982062.0 	6
3818 	0158 	2574880.0 	7
3373 	0158 	5913696.0 	14
1937 	0158 	4257494.0 	10
2313 	0158 	1948701.0 	11
3256 	5840 	10000.0 	1
3846 	0158 	1689546.0 	4
3859 	0392 	7632611.0 	25
292 	0158 	417855.0 	1
1012 	0158 	5259694.0 	15
2092 	0158 	2496103.0 	7
2836 	6020 	2500000.0 	4
4108 	5850 	1182000.0 	30
718 	0158 	1288107.0 	3
1660 	0158 	2556758.0 	6
1772 	0158 	2543580.0 	6
2555 	0158 	4246370.0 	11
243 	0392 	2303356.0 	10
456 	0158 	828780.0 	2
1783 	0158 	1687210.0 	4
106 	0392 	1984938.0 	9
424 	0158 	2028102.0 	8
572 	0392 	14418.0 	2
576 	0158 	5092878.0 	12
598 	5620 	1000000.0 	2
1535 	0158 	843280.0 	2
2549 	0158 	3772773.0 	9
3600 	0158 	1457153.0 	8
4118 	0392 	994842.0 	5
3454 	0158 	5071370.0 	14
373 	0392 	1010342.0 	6
793 	0158 	843280.0 	2
3865 	0158 	1679788.0 	4
2182 	0158 	3391107.0 	11
3341 	0158 	1286295.0 	3
3469 	3990 	1590000.0 	9
466 	0158 	1483021.0 	4
1086 	0158 	2983449.0 	7
1215 	0158 	107247.0 	1
1760 	2760 	30000.0 	3
2362 	0392 	1297535.0 	5
2784 	0158 	2115665.0 	7
3207 	0392 	7965156.0 	23
3976 	0158 	1679788.0 	4
3979 	0392 	4986499.0 	25
4029 	0392 	6983691.0 	8
1815 	0392 	2004001.0 	11
2833 	0158 	3798590.0 	9
536 	0158 	5919548.0 	14
1488 	0158 	4273571.0 	11
2228 	0158 	1707102.0 	4
3726 	3940 	20000.0 	2
2536 	0158 	3507155.0 	9
2713 	0158 	6714227.0 	20
3449 	0392 	1.0969126E7 	17
4108 	6030 	724000.0 	35
443 	0158 	850646.0 	2
1744 	0158 	3396620.0 	9
3091 	5840 	110000.0 	4
528 	3940 	10000.0 	1
544 	0158 	3354606.0 	8
942 	0392 	19711.0 	1
1038 	0158 	2302466.0 	12
1422 	0392 	1996805.0 	10
2646 	3940 	20000.0 	2
3418 	5510 	20000.0 	2
2740 	0158 	1835922.0 	10
4203 	0392 	999762.0 	5
126 	0158 	843280.0 	2
694 	0158 	1680272.0 	4
967 	0392 	5930077.0 	6
1063 	0158 	2538116.0 	7
1199 	0392 	7296174.0 	12
682 	0158 	327812.0 	1
826 	0158 	858628.0 	2
1887 	0158 	3524100.0 	10
2626 	0392 	2324647.0 	11
3111 	0392 	2985461.0 	13
4108 	5883 	520000.0 	3
4151 	0392 	7233.0 	1
815 	0158 	2553378.0 	6
841 	0158 	169253.0 	1
1833 	0158 	3383142.0 	8
2617 	0158 	856202.0 	2
1344 	0392 	3308459.0 	14
2223 	0392 	5313813.0 	22
3194 	0158 	2567164.0 	6
2315 	0392 	2994080.0 	5
2741 	0392 	1986081.0 	9
3861 	0158 	7051822.0 	27
1721 	0392 	7900326.0 	8
2887 	0158 	8464303.0 	38
31 	0158 	4250971.0 	12
1119 	0158 	2783420.0 	9
1517 	0158 	429314.0 	1
1548 	1210 	3560000.0 	14
3720 	0158 	2548998.0 	6
3450 	0392 	9033746.0 	39
3943 	0392 	7939901.0 	33
614 	0392 	3975400.0 	17
1269 	0158 	853776.0 	3
498 	0158 	2553378.0 	6
3762 	0158 	2496103.0 	7
2386 	0158 	1708876.0 	4
3268 	0158 	1672516.0 	4
1791 	0392 	4023745.0 	19
3391 	0392 	2819047.0 	12
4124 	0158 	4649094.0 	11
1185 	0392 	14398.0 	2
2147 	0158 	415434.0 	1
2207 	0158 	2562312.0 	6
742 	0392 	6472806.0 	29
1091 	0392 	3640044.0 	15
3408 	0392 	14313.0 	2
3567 	0392 	1992922.0 	10
384 	0158 	1676422.0 	4
1457 	0158 	837992.0 	2
1639 	6020 	3500000.0 	6
2850 	0392 	7111.0 	1
341 	3940 	10000.0 	1
662 	0158 	1705068.0 	4
1444 	0158 	1399861.0 	4
2131 	0392 	5215868.0 	17
2206 	6630 	50000.0 	1
2086 	0392 	9745776.0 	44
3211 	0392 	1992057.0 	9
3632 	0158 	1712682.0 	4
317 	0158 	414390.0 	1
2065 	0158 	5071370.0 	12
2933 	0158 	877607.0 	3
3252 	0392 	4310637.0 	19
3582 	0158 	2496102.0 	6
2276 	0158 	2557332.0 	7
2992 	0158 	3419182.0 	8
3228 	0392 	9954427.0 	40
4051 	0392 	6498604.0 	30
91 	0158 	5151528.0 	12
3251 	0158 	846267.0 	3
3909 	0158 	3953119.0 	11
143 	0158 	3380460.0 	8
462 	0158 	837992.0 	2
3170 	0392 	2000926.0 	9
3429 	0392 	21623.0 	3
3755 	5850 	10000.0 	1
3801 	0158 	1695982.0 	4
635 	0392 	3955405.0 	16
3416 	0392 	35439.0 	5
3606 	0158 	3831695.0 	10
2491 	0158 	3360060.0 	8
3291 	0392 	994656.0 	5
3796 	0158 	853776.0 	3
4104 	0392 	3043129.0 	14
502 	0392 	5701121.0 	28
527 	0392 	7227.0 	1
962 	0158 	3769677.0 	9
2019 	0158 	1702534.0 	4
2622 	0392 	8586107.0 	32
2795 	5840 	7970000.0 	40
2877 	0392 	2983262.0 	13
3735 	0392 	9964273.0 	43
2115 	5850 	10000.0 	1
3957 	0158 	3293359.0 	8
1329 	0392 	21515.0 	3
2173 	0392 	9494082.0 	44
2397 	0158 	2105584.0 	5
3616 	0392 	1985259.0 	7
3841 	0392 	21515.0 	3
827 	0158 	427847.0 	1
836 	0158 	1709960.0 	4
4149 	3050 	10000.0 	1
441 	0392 	3989747.0 	5
464 	0392 	6991667.0 	30
2944 	0158 	1699708.0 	4
3447 	0158 	850646.0 	2
140 	0158 	858738.0 	2
641 	0158 	1719524.0 	4
2459 	0158 	2649325.0 	10
3703 	0158 	1713854.0 	4
1050 	0158 	2528884.0 	6
1454 	3030 	100000.0 	2
1698 	0158 	8385771.0 	24
2769 	0392 	3992089.0 	5
3242 	0392 	1992057.0 	9
3532 	0158 	2558028.0 	6
2987 	3990 	2220000.0 	9
3773 	0158 	4221800.0 	10
1554 	0158 	3392042.0 	8
3122 	0392 	1012708.0 	7
3366 	0392 	3529565.0 	22
3797 	0392 	1.096154E7 	18
4138 	3030 	80000.0 	1
3356 	0392 	1005971.0 	4
491 	0392 	9494270.0 	43
781 	0158 	3073962.0 	8
2246 	0158 	3407500.0 	8
2619 	0158 	2543880.0 	6
2884 	0392 	28382.0 	4
966 	0158 	4251088.0 	12
1429 	0158 	1298661.0 	3
2405 	0158 	1708876.0 	4
2504 	0158 	2557604.0 	8
3576 	0158 	416559.0 	1
3836 	0392 	2985972.0 	13
2248 	0158 	5924183.0 	16
2518 	0158 	2080610.0 	5
2752 	0158 	835710.0 	2
744 	0392 	42537.0 	6
1289 	0392 	2943693.0 	4
2012 	0158 	9931534.0 	47
3689 	0158 	850647.0 	3
4128 	0392 	1995619.0 	4
124 	0158 	2137688.0 	5
1889 	0158 	3866145.0 	12
2306 	0392 	6633405.0 	27
2368 	0392 	4017880.0 	19
3583 	0158 	1675976.0 	4
1659 	0158 	3383142.0 	8
2081 	0392 	20689.0 	1
2160 	0392 	14313.0 	2
2577 	0158 	4192734.0 	10
2688 	6020 	2000000.0 	3
1805 	0158 	1689546.0 	4
3399 	0158 	3404858.0 	8
3620 	0392 	7056.0 	1
471 	0392 	7132612.0 	34
1014 	0158 	6340233.0 	18
13 	0158 	4247872.0 	11
3303 	0392 	1007753.0 	2
3747 	0392 	4977665.0 	20
2711 	0392 	2493509.0 	11
2773 	0158 	5126788.0 	24
3950 	0392 	9957512.0 	39
1905 	0158 	5069630.0 	12
2277 	0158 	3421722.0 	11
1655 	0158 	1665176.0 	4
1854 	0158 	6368480.0 	18
1882 	0158 	1225816.0 	4
3421 	0158 	843280.0 	2
1387 	0158 	858628.0 	2
1936 	0392 	6977.0 	1
2477 	0392 	995264.0 	4
333 	0158 	3360060.0 	8
800 	0158 	4254244.0 	10
1412 	0158 	2520166.0 	6
2267 	0392 	1.0079762E7 	26
10 	0158 	2509322.0 	6
48 	0158 	4246474.0 	10
2447 	0392 	2943680.0 	4
3364 	0392 	506362.0 	4
1118 	0158 	842614.0 	2
2897 	0392 	2947978.0 	4
242 	0158 	2550960.0 	7
858 	0158 	1706110.0 	4
1733 	0392 	9283855.0 	29
731 	0158 	2567690.0 	6
3965 	0392 	49846.0 	7
1281 	0392 	1995616.0 	4
2995 	0158 	6145465.0 	15
3118 	0392 	1010342.0 	6
3180 	0158 	984922.0 	4
3324 	0158 	6374326.0 	15
3718 	0158 	2145566.0 	5
562 	0392 	5142102.0 	25
852 	0392 	4067231.0 	19
1096 	5880 	10000.0 	1
2801 	0158 	6805928.0 	18
93 	0158 	5915144.0 	15
1989 	0158 	1675976.0 	4
2712 	0392 	2980557.0 	11
2869 	0158 	4688088.0 	15
3924 	4520 	80000.0 	1
296 	0392 	6359839.0 	33
656 	0392 	1952100.0 	3
774 	0158 	835710.0 	2
2541 	0158 	2545112.0 	6
2770 	0158 	842614.0 	2
359 	0392 	8613461.0 	26
539 	0392 	7201.0 	1
1139 	0392 	7137.0 	1
1348 	1340 	80000.0 	3
2442 	0158 	857624.0 	2
4078 	0392 	5963999.0 	24
3483 	0158 	104749.0 	1
1340 	6020 	2000000.0 	4
3474 	0158 	835710.0 	2
4149 	6020 	2500000.0 	4
4209 	0392 	3440595.0 	13
1077 	0392 	4636931.0 	16
455 	0158 	3383143.0 	9
2027 	4920 	100000.0 	1
3702 	0158 	857974.0 	2
3885 	0158 	3421722.0 	9
655 	0392 	3994885.0 	5
3120 	0158 	2541256.0 	6
3942 	0392 	1984946.0 	9
1008 	0158 	5394664.0 	14
1367 	6020 	1500000.0 	3
1895 	0392 	2982485.0 	11
3130 	0158 	2543880.0 	6
3213 	0392 	3316993.0 	12
3820 	0392 	28457.0 	4
69 	5510 	10000.0 	1
1944 	5850 	10000.0 	1
2001 	0158 	1740612.0 	5
2426 	0158 	415434.0 	1
2911 	0392 	1984893.0 	9
3104 	0392 	9994004.0 	44
3879 	0158 	3419182.0 	8
2275 	0392 	1994944.0 	3
3362 	0392 	1985550.0 	9
2374 	0392 	2060149.0 	13
2851 	0158 	5954537.0 	17
1672 	0392 	6642966.0 	29
4077 	0158 	9314849.0 	22
448 	0158 	854980.0 	2
1231 	0392 	998452.0 	6
1498 	0392 	2985645.0 	13
226 	0158 	104987.0 	1
3853 	0158 	1675976.0 	6
3915 	0392 	4927239.0 	5
305 	0158 	1683348.0 	4
920 	0392 	3903189.0 	5
1734 	0158 	3828730.0 	10
2020 	0158 	3399996.0 	11
3195 	4980 	900000.0 	4
3257 	0158 	3378292.0 	9
3688 	0392 	8218405.0 	30
4112 	0158 	2576396.0 	6
753 	0158 	6408902.0 	15
258 	0158 	2562118.0 	6
1245 	3940 	10000.0 	1
1619 	0158 	3399966.0 	9
2496 	0158 	2574974.0 	6
2961 	0158 	7024992.0 	19
568 	0392 	2924148.0 	4
3781 	0158 	846266.0 	2
4132 	0158 	901559.0 	4
787 	0392 	9903342.0 	43
1470 	0158 	1004601.0 	4
2396 	6020 	230000.0 	4
2969 	0392 	4787718.0 	10
3754 	0158 	4226768.0 	10
297 	0158 	1247427.0 	3
3147 	0392 	1991860.0 	9
721 	6030 	240000.0 	2
3898 	0158 	2528738.0 	6
1098 	0392 	35568.0 	5
1647 	0392 	28065.0 	2
2781 	0392 	5284291.0 	22
1189 	0392 	2320792.0 	9
4025 	0158 	3383142.0 	8
1900 	0392 	2983136.0 	15
4041 	0158 	1693062.0 	4
134 	0392 	8947123.0 	10
887 	0392 	3999558.0 	9
3201 	0158 	1334564.0 	4
3342 	0392 	3969913.0 	14
3956 	0392 	3647555.0 	16
1347 	0158 	861852.0 	2
1799 	4520 	20000.0 	2
2388 	0158 	2556758.0 	6
3614 	3610 	500000.0 	2
1595 	0158 	893657.0 	4
1637 	0158 	432887.0 	1
2727 	5620 	550000.0 	4
3137 	0392 	3066092.0 	16
2867 	0158 	842360.0 	2
3349 	0392 	3310318.0 	14
1475 	0158 	1672516.0 	4
411 	0392 	7761079.0 	11
2176 	0158 	3399964.0 	8
141 	0158 	1675976.0 	4
3139 	0158 	5489673.0 	13
2033 	0158 	420837.0 	1
385 	0392 	7936725.0 	14
713 	0392 	993953.0 	2
1837 	0158 	853776.0 	2
1950 	0158 	1706074.0 	4
329 	0158 	2570516.0 	6
481 	0158 	1683348.0 	4
573 	0158 	2573458.0 	6
1019 	0392 	2305864.0 	10
2664 	0158 	861852.0 	2
1961 	3990 	1190000.0 	6
3234 	0158 	1246302.0 	3
3595 	0158 	1352701.0 	4
158 	0158 	9025516.0 	48
2190 	0158 	861852.0 	2
3968 	0158 	2634790.0 	10
748 	0158 	1596098.0 	5
795 	0158 	1682230.0 	4
2469 	0158 	4182362.0 	10
395 	0158 	854980.0 	2
1573 	0392 	1012335.0 	6
1874 	0158 	1675976.0 	4
2716 	0158 	1707102.0 	4
4193 	0158 	168656.0 	1
2630 	0158 	4649559.0 	14
2899 	0158 	2535812.0 	6
3992 	0158 	1706110.0 	4
3245 	0392 	7056.0 	1
3519 	0158 	3377450.0 	9
3052 	0158 	428162.0 	1
3172 	0392 	6952155.0 	26
4076 	0158 	5105992.0 	12
3025 	0158 	847084.0 	2
2700 	0158 	2553743.0 	8
3931 	0158 	2553378.0 	6
683 	6020 	2000000.0 	4
685 	0158 	4194898.0 	11
698 	0392 	5285653.0 	22
1115 	0392 	1992614.0 	9
1241 	0158 	2543880.0 	6
2301 	5850 	30000.0 	2
3678 	0158 	2382862.0 	11
1848 	0158 	2908406.0 	7
2553 	0158 	830868.0 	2
397 	0158 	6419911.0 	17
874 	0392 	9970429.0 	14
274 	0158 	1680272.0 	4
2634 	0392 	48754.0 	3
2806 	0392 	6937337.0 	26
3068 	0392 	993272.0 	2
432 	0392 	8158485.0 	35
2156 	0392 	2004488.0 	12
4107 	0158 	2557333.0 	8
1784 	4520 	690000.0 	21
2351 	0158 	1683348.0 	4
3233 	0158 	1705914.0 	4
3900 	0158 	2139797.0 	5
41 	0392 	506362.0 	4
1059 	0392 	42679.0 	6
1897 	0158 	5100698.0 	13
2720 	0158 	854980.0 	2
3335 	0392 	3303539.0 	15
118 	0158 	188579.0 	2
996 	0158 	2562312.0 	6
2568 	0392 	996919.0 	5
3868 	0158 	1675976.0 	4
4138 	4520 	10000.0 	1
230 	5630 	1000000.0 	4
526 	6020 	3500000.0 	6
1542 	0158 	3383142.0 	8
4013 	0392 	14476.0 	2
4091 	0158 	3342803.0 	11
490 	0158 	846266.0 	2
1288 	0158 	2543246.0 	6
3028 	0392 	3982233.0 	5
3955 	0158 	8894012.0 	21
4059 	0392 	3320325.0 	15
1272 	0158 	2562312.0 	6
2103 	5840 	10000.0 	1
4060 	0392 	1999794.0 	9
2807 	0392 	1.1440796E7 	18
2818 	0392 	2312355.0 	10
4181 	0158 	20836.0 	1
393 	0158 	842044.0 	2
652 	0392 	8885470.0 	36
1021 	0158 	2532600.0 	6
1314 	0158 	1705914.0 	5
2650 	0158 	1753484.0 	6
3842 	0158 	1697992.0 	4
3938 	0158 	416712.0 	1
83 	0392 	5380345.0 	25
457 	0158 	2228647.0 	11
1766 	0158 	1683658.0 	4
2797 	0158 	3324824.0 	8
2816 	0392 	7333903.0 	37
2863 	5620 	1670000.0 	15
750 	0158 	850844.0 	3
762 	0158 	1598520.0 	4
1380 	0158 	6631752.0 	16
1926 	0392 	1982301.0 	9
2230 	0392 	2493509.0 	11
3482 	0392 	2649055.0 	11
136 	0392 	3979011.0 	15
1853 	0392 	1998236.0 	9
2570 	3990 	1000000.0 	4
3500 	0158 	1280064.0 	3
1035 	0158 	854224.0 	2
1216 	7910 	10000.0 	1
2005 	0392 	6095323.0 	18
2106 	0392 	2493509.0 	11
3026 	0158 	828780.0 	2
3321 	0158 	963847.0 	3
3823 	0158 	4188475.0 	14
1596 	0158 	1706178.0 	5
1820 	0158 	1483021.0 	4
3243 	0158 	839616.0 	2
3586 	0392 	9946020.0 	11
702 	0158 	535956.0 	2
1203 	0392 	1007740.0 	2
1751 	0392 	2261297.0 	9
2350 	0392 	2978992.0 	13
2748 	0158 	1691567.0 	5
2785 	0158 	1710588.0 	4
426 	0158 	3327953.0 	10
1207 	0392 	2154851.0 	8
240 	0392 	1306324.0 	6
633 	0392 	3321313.0 	14
3340 	0158 	843280.0 	2
543 	0392 	2649706.0 	11
520 	0392 	4992230.0 	21
1219 	0158 	2548998.0 	6
1589 	0392 	6442331.0 	27
2814 	0158 	1247427.0 	3
4028 	0392 	2953746.0 	3
508 	0392 	3903189.0 	5
1136 	0158 	1692532.0 	4
1652 	5610 	2470000.0 	5
2237 	0158 	842614.0 	2
3188 	0158 	62849.0 	1
3593 	0158 	1677278.0 	4
2028 	0392 	5109957.0 	21
3017 	0158 	2570516.0 	6
3709 	0158 	5924182.0 	14
517 	0392 	3006991.0 	14
1187 	0158 	3427136.0 	8
1526 	0392 	1988384.0 	9
2670 	0158 	1691562.0 	4
3202 	0158 	4249036.0 	10
3443 	0392 	4981023.0 	20
3453 	0392 	42783.0 	6
1477 	0392 	7903484.0 	12
2336 	0158 	804624.0 	4
3317 	0158 	842044.0 	2
4073 	0158 	5924183.0 	16
1092 	0158 	850646.0 	2
3184 	0392 	2984675.0 	14
3731 	0392 	1829702.0 	10
72 	0392 	14326.0 	2
438 	1210 	2050000.0 	23
3012 	0392 	7209.0 	1
3768 	0392 	978781.0 	4
2396 	4910 	200000.0 	1
4114 	0158 	2132426.0 	6
567 	0392 	2031081.0 	10
1617 	0158 	3075111.0 	9
3618 	0158 	2496102.0 	6
1243 	0158 	1702722.0 	4
1606 	5510 	10000.0 	1
2014 	0158 	849908.0 	2
3982 	0158 	2131761.0 	8
618 	0158 	553144.0 	3
809 	0392 	4998624.0 	22
2509 	2900 	100000.0 	1
2534 	0158 	839616.0 	2
2981 	0158 	1713004.0 	5
3043 	0158 	1707102.0 	5
1506 	0392 	1995619.0 	4
2767 	2610 	10000.0 	1
299 	0392 	2978259.0 	14
1016 	0392 	5967574.0 	27
2390 	0392 	1986081.0 	9
2905 	0392 	4979428.0 	20
142 	0392 	14313.0 	2
1193 	0158 	6159512.0 	17
1469 	0158 	4625018.0 	21
2427 	0158 	963833.0 	4
2458 	0392 	7632599.0 	25
3126 	0392 	6932585.0 	14
157 	0392 	4220416.0 	20
636 	0158 	6717533.0 	20
515 	0158 	865774.0 	2
2128 	0158 	1812893.0 	5
3192 	0158 	3774752.0 	10
3744 	0158 	5919549.0 	15
362 	0392 	8306945.0 	36
1178 	0392 	6271576.0 	26
1843 	0392 	7181.0 	1
2563 	0158 	854979.0 	3
2761 	0158 	857530.0 	2
3005 	0158 	424954.0 	1
493 	0158 	849909.0 	3
583 	0392 	993240.0 	1
257 	0158 	2553378.0 	6
943 	0158 	843280.0 	2
3093 	0392 	35568.0 	5
1623 	0392 	2943680.0 	4
1727 	0392 	4147564.0 	19
1971 	0392 	2986299.0 	13
182 	0158 	2541518.0 	6
1562 	0392 	3993944.0 	18
2609 	0392 	3496135.0 	6
2783 	0158 	2534949.0 	8
1730 	0392 	21623.0 	3
3467 	0158 	1706110.0 	4
3940 	0158 	2908038.0 	7
1211 	0392 	5985874.0 	26
1855 	0392 	4271963.0 	24
2361 	3940 	20000.0 	2
2633 	0158 	4362102.0 	12
3007 	0392 	2505823.0 	12
3681 	0158 	4565178.0 	15
661 	0158 	2497086.0 	6
1165 	0392 	9468989.0 	39
37 	0158 	4652200.0 	11
1053 	4750 	30000.0 	2
1057 	0158 	3352844.0 	8
2605 	0158 	773141.0 	5
831 	5620 	1980000.0 	4
2056 	0158 	1702534.0 	4
2639 	0392 	6971831.0 	11
1696 	0392 	1990909.0 	9
2292 	0392 	3995913.0 	18
3123 	0158 	1680271.0 	5
2960 	0158 	1679788.0 	4
3566 	0392 	3753486.0 	14
3635 	0392 	1306188.0 	5
388 	0392 	2981087.0 	11
954 	0158 	8772973.0 	36
3036 	0158 	2847170.0 	12
3854 	0158 	833424.0 	2
339 	5840 	280000.0 	4
2383 	0158 	854980.0 	2
2642 	0392 	1.0063102E7 	45
3124 	0158 	831910.0 	2
458 	0158 	7213618.0 	17
477 	0392 	3955501.0 	6
1410 	0158 	1263921.0 	3
293 	0392 	1995856.0 	10
1308 	0158 	1702534.0 	4
1383 	0158 	4245892.0 	10
4194 	0158 	3277516.0 	8
400 	0158 	2121608.0 	5
629 	0392 	1653478.0 	12
909 	0158 	2993239.0 	7
1546 	0392 	4951388.0 	20
1938 	0392 	1.1206445E7 	41
3833 	0158 	2176378.0 	6
4067 	0158 	9425280.0 	22
30 	0158 	2574880.0 	6
1147 	0158 	2555913.0 	7
1566 	0392 	1985627.0 	9
2264 	0392 	9987060.0 	47
3699 	0392 	1.3016628E7 	48
4099 	0158 	833424.0 	2
325 	0158 	4648767.0 	11
2011 	0158 	5069630.0 	12
3077 	0392 	1039175.0 	6
286 	0392 	14541.0 	2
932 	0392 	1.0622672E7 	17
1817 	0158 	2553378.0 	6
2655 	0158 	2317960.0 	9
1499 	0158 	850646.0 	2
1739 	0158 	5125421.0 	13
3019 	0158 	5925093.0 	14
2885 	0392 	1.0543026E7 	43
2071 	0392 	3319341.0 	14
3149 	1210 	20000.0 	1
597 	0392 	2997950.0 	14
1251 	0392 	2979900.0 	13
1818 	0158 	2576396.0 	6
2717 	0392 	7245.0 	1
1974 	0392 	7147737.0 	32
352 	0158 	2958896.0 	9
1062 	0392 	4984854.0 	21
3302 	0158 	2694201.0 	9
3339 	0392 	7111.0 	1
3627 	0392 	3303283.0 	14
3993 	1210 	10000.0 	1
1436 	0158 	3352844.0 	8
2302 	0392 	1.0965015E7 	13
2692 	0158 	3324824.0 	8
725 	0158 	1679788.0 	4
2088 	0392 	1994006.0 	6
2573 	0392 	6125465.0 	23
3110 	0392 	1169264.0 	7
3864 	0392 	1.0277592E7 	43
4153 	0158 	1665176.0 	4
186 	0158 	3391106.0 	9
1181 	6590 	2800000.0 	11
1349 	0158 	6411245.0 	15
4134 	0158 	6717534.0 	19
194 	0158 	547699.0 	2
3487 	0392 	7196.0 	1
4161 	0158 	1360580.0 	5
2188 	0158 	2081131.0 	5
2719 	0392 	1020403.0 	6
505 	0392 	3975368.0 	17
1835 	0392 	2648018.0 	12
2508 	0158 	2908406.0 	7
4006 	0158 	1687704.0 	4
171 	0392 	3489625.0 	6
3004 	0158 	3324824.0 	8
3631 	0158 	2958123.0 	7
1064 	0392 	8890464.0 	10
2729 	0392 	657672.0 	3
2971 	0158 	854980.0 	2
3310 	0392 	3975510.0 	17
3377 	0392 	2980557.0 	11
3856 	0158 	1292778.0 	3
2353 	0158 	1669134.0 	4
3799 	0158 	3277323.0 	9
1391 	0392 	6100234.0 	28
475 	0158 	854980.0 	2
1598 	0158 	2548998.0 	6
1645 	0158 	839894.0 	2
2282 	0392 	9956989.0 	11
2465 	0392 	5820558.0 	8
3177 	0158 	4222135.0 	11
754 	0392 	6959539.0 	26
2309 	0158 	848456.0 	2
3276 	0158 	1.2296068E7 	29
3824 	0392 	14313.0 	2
3542 	5810 	2500000.0 	7
110 	3940 	10000.0 	1
189 	0392 	7413.0 	1
514 	0158 	5659935.0 	19
590 	6870 	60000.0 	1
1404 	0392 	7955775.0 	26
2102 	0158 	4262482.0 	10
3802 	0392 	6907534.0 	28
35 	0158 	1662861.0 	4
916 	0158 	1710190.0 	5
1041 	0608 	725361.0 	5
1641 	0158 	1713002.0 	8
2163 	0158 	9772458.0 	23
2965 	0158 	1717257.0 	5
3282 	0158 	3383142.0 	8
3308 	0158 	3423366.0 	8
1480 	0158 	9416334.0 	22
1644 	0158 	5917998.0 	17
1933 	0158 	3006468.0 	7
1236 	0158 	4896135.0 	20
2185 	0158 	1707628.0 	4
2431 	5620 	10000.0 	1
2723 	0158 	3396620.0 	8
469 	3990 	530000.0 	4
1140 	0392 	2978465.0 	13
1613 	0392 	1007753.0 	2
2341 	0158 	1702534.0 	4
2448 	0392 	9988184.0 	43
2581 	0158 	5067142.0 	12
401 	0392 	9938962.0 	11
2970 	0158 	1675976.0 	4
3642 	0158 	43238.0 	1
63 	0158 	4192734.0 	10
612 	0158 	2576396.0 	6
3176 	0158 	2541256.0 	6
330 	0392 	1997727.0 	9
1032 	0158 	5502628.0 	15
3966 	0158 	1669134.0 	4
1205 	0158 	1717256.0 	4
2284 	0392 	2493509.0 	11
2727 	5510 	100000.0 	1
3575 	0392 	6703.0 	1
3523 	0392 	3498575.0 	12
1723 	0392 	1.0266931E7 	32
3819 	0158 	1680272.0 	5
4206 	0392 	1996805.0 	10
154 	0392 	4287332.0 	17
172 	0158 	835710.0 	2
326 	0158 	1713066.0 	4
3417 	0392 	4787796.0 	10
653 	0158 	2094825.0 	6
1250 	0158 	1345812.0 	4
1771 	0158 	2496043.0 	8
3845 	0392 	5983036.0 	7
1443 	0158 	857530.0 	2
3649 	0158 	4192734.0 	10
100 	0392 	1.026517E7 	39
198 	0158 	1.1474343E7 	44
2096 	0158 	1430462.0 	4
3084 	0392 	14313.0 	2
3908 	0158 	843280.0 	2
1385 	0158 	3400082.0 	8
1947 	3050 	40000.0 	2
2319 	0158 	2492604.0 	6
2693 	0392 	6926105.0 	29
745 	1340 	60000.0 	3
943 	2731 	40000.0 	4
2280 	0158 	1176739.0 	5
2294 	0158 	3383142.0 	8
2886 	5840 	750000.0 	2
844 	0392 	4044003.0 	19
1066 	0392 	3983335.0 	14
1604 	5850 	50000.0 	1
2108 	0392 	2871550.0 	10
2686 	0158 	2080609.0 	6
3401 	0158 	1679788.0 	4
1763 	0392 	2324376.0 	10
3446 	0158 	857974.0 	2
3668 	0158 	1706111.0 	5
3706 	0158 	4246370.0 	10
3838 	0392 	6155120.0 	33
4139 	0158 	6826520.0 	16
799 	0158 	850986.0 	3
1015 	0158 	853776.0 	2
1176 	0158 	1696912.0 	4
1209 	0158 	2982603.0 	7
2363 	0158 	533404.0 	2
74 	0392 	3988203.0 	5
3691 	0158 	2498010.0 	8
1914 	0158 	1666848.0 	4
2069 	3670 	220000.0 	2
2524 	0158 	2083560.0 	6
3675 	0158 	4692406.0 	11
152 	0158 	3419182.0 	9
1452 	0392 	995001.0 	5
1555 	0158 	2528738.0 	6
3507 	0158 	1.1451469E7 	27
379 	0392 	2994466.0 	8
738 	0158 	2557332.0 	6
1104 	0392 	1012335.0 	6
2580 	0392 	9965317.0 	42
2815 	0158 	6362.0 	3
3035 	0158 	2960630.0 	9
402 	0392 	4984522.0 	21
4058 	0158 	839894.0 	2
4166 	0392 	6975927.0 	30
682 	0392 	7481189.0 	25
1690 	0158 	849908.0 	2
3058 	2750 	100000.0 	1
3914 	0392 	1990909.0 	9
3625 	0158 	6826940.0 	17
3058 	2610 	300000.0 	3
289 	0158 	2331877.0 	6
832 	0158 	3348938.0 	8
2003 	0392 	5979561.0 	27
2145 	0392 	7632563.0 	25
1287 	0392 	1995616.0 	4
2018 	0158 	318716.0 	2
2293 	0158 	2557604.0 	6
3729 	0158 	3383142.0 	9
2419 	5880 	2010000.0 	6
4180 	0158 	2986694.0 	7
632 	0392 	4280918.0 	14
2342 	3990 	500000.0 	3
2427 	0392 	8589033.0 	24
2861 	0392 	4793928.0 	10
3680 	0392 	8613043.0 	26
407 	0158 	2496102.0 	7
1226 	0158 	2543246.0 	6
2437 	0158 	3383143.0 	9
3326 	0158 	2986144.0 	10
3917 	0158 	5071370.0 	12
640 	0158 	1675984.0 	4
1333 	0392 	2673822.0 	14
1825 	0158 	854496.0 	2
2940 	0158 	1691562.0 	4
2982 	0392 	2491611.0 	13
3478 	0158 	3391108.0 	10
3666 	0392 	5484175.0 	23
1235 	0392 	6942198.0 	29
2787 	0158 	6717532.0 	16
3472 	0158 	3493585.0 	11
1002 	3050 	20000.0 	2
1417 	0158 	1130389.0 	3
3827 	0158 	3425714.0 	9
4174 	0158 	1574800.0 	6
276 	0392 	14326.0 	2
878 	0392 	4985762.0 	21
4110 	0158 	3327954.0 	8
3135 	0158 	3459295.0 	8
3825 	0158 	3324510.0 	8
1789 	0158 	2562312.0 	6
1963 	0158 	5975382.0 	16
4108 	5880 	490000.0 	6
2023 	0158 	1995799.0 	5
2051 	0158 	1130389.0 	3
3382 	0158 	424228.0 	1
861 	0392 	2978912.0 	14
1388 	0158 	830868.0 	2
2308 	0158 	865774.0 	2
2333 	0392 	7978256.0 	8
2763 	0392 	5905329.0 	19
4103 	5620 	10000.0 	1
2059 	0392 	1325166.0 	6
3543 	0392 	5991008.0 	7
546 	0158 	2509322.0 	6
777 	0158 	634043.0 	2
3526 	0392 	1523252.0 	8
3586 	0158 	438691.0 	2
122 	0158 	829861.0 	3
3808 	0158 	3324824.0 	8
4164 	0158 	836806.0 	2
542 	0392 	2181822.0 	11
1347 	5840 	20000.0 	2
3210 	0158 	3050310.0 	9
3682 	0158 	6721880.0 	17
3870 	0158 	1665176.0 	4
221 	0392 	9989427.0 	17
561 	0158 	6920879.0 	20
684 	0158 	858738.0 	2
1237 	0158 	9398172.0 	41
1709 	3010 	90000.0 	1
2791 	0158 	6712632.0 	17
290 	0392 	1985165.0 	9
2115 	5880 	20000.0 	2
3318 	0392 	9911637.0 	43
3592 	0158 	9757092.0 	23
3621 	5210 	1.81E7 	37
4176 	0158 	5923107.0 	15
337 	0158 	839894.0 	2
650 	0392 	28734.0 	4
270 	5510 	1690000.0 	12
903 	0392 	28613.0 	4
3038 	0158 	1717256.0 	4
3352 	0158 	2912057.0 	7
1995 	0392 	2322472.0 	11
2826 	0158 	3001173.0 	7
4140 	0158 	1679787.0 	5
3535 	0158 	839616.0 	2
3546 	0158 	2135790.0 	5
3710 	0158 	4257494.0 	10
4184 	0158 	1680272.0 	4
4031 	0158 	2983449.0 	7
1731 	0158 	1246302.0 	3
1972 	0158 	1004243.0 	4
2354 	0392 	1008459.0 	3
2355 	0392 	1985269.0 	10
2837 	0158 	2570516.0 	6
1587 	0158 	1696912.0 	4
2134 	0158 	4131700.0 	11
3524 	0392 	6994801.0 	30
1582 	0158 	9989689.0 	24
2041 	0158 	7817570.0 	31
2247 	0392 	3985694.0 	17
2540 	0392 	4016582.0 	18
3413 	0392 	1986081.0 	9
2378 	0158 	2086989.0 	6
3400 	0158 	833424.0 	2
3514 	0392 	3356011.0 	17
3803 	0158 	1198399.0 	3
2754 	0392 	1918828.0 	7
2852 	0158 	4273572.0 	10
2928 	0392 	8589033.0 	24
3837 	0158 	854224.0 	2
985 	0158 	7229062.0 	18
1148 	0158 	2492600.0 	6
2937 	0158 	1713004.0 	4
412 	0158 	1691562.0 	4
1570 	0158 	1679788.0 	4
2745 	0392 	5982501.0 	25
3989 	0158 	1270626.0 	4
226 	0392 	8587873.0 	28
1687 	0158 	854224.0 	2
3265 	0158 	3415048.0 	8
3029 	0158 	1689546.0 	4
592 	0392 	21623.0 	3
1661 	0158 	1682230.0 	4
2912 	0158 	1969448.0 	11
3037 	0158 	1483021.0 	4
3189 	0158 	5917997.0 	15
717 	0392 	2871589.0 	10
1210 	0392 	7209.0 	1
1533 	0392 	7338414.0 	31
2129 	0158 	2130950.0 	5
586 	0392 	1175486.0 	6
1248 	0158 	2543246.0 	6
2772 	0158 	7572156.0 	30
206 	0392 	7299.0 	1
604 	0158 	857531.0 	3
734 	0392 	7028875.0 	15
1319 	0158 	2908348.0 	7
1996 	0392 	2491611.0 	13
2528 	0158 	984922.0 	4
2649 	0158 	1071700.0 	3
2410 	0158 	2556019.0 	7
3656 	0158 	2556758.0 	8
396 	7110 	1000000.0 	4
2095 	0158 	2564756.0 	6
2999 	0158 	2140494.0 	5
1029 	0392 	1989456.0 	7
3125 	0158 	1712514.0 	4
601 	0158 	172947.0 	3
1451 	0158 	828780.0 	2
1479 	0392 	3990024.0 	4
1863 	0158 	849908.0 	2
1217 	0158 	3324510.0 	8
1345 	0392 	14326.0 	2
2484 	0158 	1669134.0 	4
3883 	0158 	7732667.0 	32
4097 	0392 	3336399.0 	17
579 	0158 	839894.0 	2
1402 	6020 	1800000.0 	6
1311 	0158 	2243480.0 	7
2461 	0158 	842614.0 	2
137 	0392 	1990449.0 	9
1240 	0158 	5077207.0 	14
1322 	0158 	343512.0 	3
1484 	0392 	2988190.0 	14
2111 	0158 	1334564.0 	4
3149 	1340 	60000.0 	3
814 	0392 	3469210.0 	15
2440 	0158 	839286.0 	2
2473 	0392 	2172097.0 	11
3505 	7360 	140000.0 	3
3765 	0158 	3415600.0 	8
577 	0158 	3405788.0 	11
716 	0158 	851252.0 	2
2886 	5210 	300000.0 	1
3790 	0392 	4998068.0 	21
4123 	0158 	1704014.0 	5
4081 	5932 	90000.0 	1
55 	0158 	1680272.0 	4
973 	0392 	1994266.0 	9
1158 	0158 	415434.0 	1
1925 	0158 	1679788.0 	4
4158 	0392 	8461549.0 	11
404 	0158 	833424.0 	2
1085 	0392 	8607547.0 	26
3256 	0158 	861852.0 	2
166 	0158 	6389568.0 	16
179 	0158 	4273572.0 	10
599 	0392 	2491611.0 	13
1839 	0392 	2883598.0 	10
2345 	0158 	167979.0 	1
3683 	0158 	846237.0 	2
4085 	0158 	42328.0 	2
1998 	5880 	290000.0 	8
2180 	0392 	3320864.0 	11
3248 	0392 	2967493.0 	6
2322 	0392 	5642033.0 	18
3195 	2610 	1250000.0 	5
834 	0158 	2111186.0 	5
1803 	0158 	1712404.0 	4
2022 	0392 	2988566.0 	12
165 	0158 	849908.0 	2
760 	0392 	1982301.0 	9
1629 	4520 	90000.0 	3
2000 	0392 	6994008.0 	30
3221 	0392 	1.0287951E7 	43
540 	0158 	3515845.0 	13
807 	0158 	415434.0 	1
1111 	0158 	3408964.0 	11
1497 	0158 	2135330.0 	5
1574 	0392 	4794140.0 	10
1691 	0392 	6945702.0 	27
2391 	0158 	3391106.0 	8
2620 	6020 	3000000.0 	7
222 	0158 	846266.0 	2
784 	0158 	3646346.0 	9
1756 	5810 	1490000.0 	3
4179 	0158 	847084.0 	2
1461 	0158 	6335207.0 	15
480 	0158 	3383142.0 	8
2120 	0158 	2569344.0 	6
2337 	0158 	1664192.0 	4
2774 	0158 	1705068.0 	4
3415 	0158 	8770579.0 	34
697 	0158 	6757268.0 	30
3329 	5840 	300000.0 	2
3588 	0392 	2943680.0 	4
4167 	0392 	63366.0 	1
699 	0158 	4223829.0 	11
712 	0392 	5622159.0 	24
881 	0158 	856980.0 	2
1246 	0158 	415434.0 	1
3590 	0392 	1992057.0 	9
3693 	0392 	3459436.0 	13
4191 	0158 	1677279.0 	5
310 	0158 	2667148.0 	8
1028 	0158 	1676422.0 	4
3232 	0392 	5276916.0 	24
366 	0158 	1682652.0 	5
1543 	0158 	1661736.0 	4
2089 	0392 	2498862.0 	14
3388 	0158 	2135004.0 	5
958 	0158 	2497086.0 	6
4004 	0158 	1693108.0 	4
4133 	0158 	3350648.0 	8
2325 	0158 	1689546.0 	4
3307 	0392 	14541.0 	2
1161 	0158 	2980490.0 	7
1809 	0158 	2906992.0 	7
2015 	0158 	1707102.0 	4
4005 	0392 	7181.0 	1
58 	0392 	2983136.0 	15
739 	0392 	7043.0 	1
825 	0392 	3055430.0 	15
1229 	0392 	1.0173045E7 	46
3376 	0392 	3971335.0 	17
1701 	0392 	1.0964827E7 	13
2847 	0392 	35568.0 	5
1079 	0392 	8944831.0 	12
1036 	0392 	2861392.0 	16
1067 	0392 	2136834.0 	12
1101 	0158 	842614.0 	2
3259 	0392 	994656.0 	5
3983 	0392 	5904654.0 	18
4014 	0158 	3324824.0 	8
977 	0158 	4301451.0 	12
2044 	0158 	2128130.0 	5
3316 	6020 	3000000.0 	5
1590 	0158 	129347.0 	1
1924 	0158 	1288107.0 	3
2724 	0158 	3396620.0 	10
3728 	0158 	2512520.0 	6
3212 	0392 	1982285.0 	9
3371 	0392 	5984467.0 	28
859 	0392 	149621.0 	13
1572 	0392 	7960988.0 	18
2679 	0392 	3940486.0 	4
3624 	0158 	1717256.0 	4
61 	0158 	6819574.0 	16
1076 	0392 	3335416.0 	15
2935 	0158 	1673612.0 	4
3246 	0158 	476176.0 	2
4112 	5510 	10000.0 	1
4183 	0392 	5175001.0 	17
2468 	0392 	2978465.0 	13
3805 	0158 	1680272.0 	4
751 	0158 	4222135.0 	11
2829 	1100 	340000.0 	3
