060d617cf4d54265dfccbe8873434718	5380345.0	25	0392
08b59014c19514bb4dcc7100ad64d182	1.0973919E7	48	0392
184455b8c0ac5eb8d31994202514d1d1	1.2575987E7	21	0392
20212e6470f5deb555363556f404df63	5701121.0	28	0392
23771639b64be423cfb9f67c41928f83	2031081.0	10	0392
2737a6ed89ceedf3f77a92fd716c5f94	7931171.0	13	0392
35e3af51acf992018e244e7c20ee9fb5	4044003.0	19	0392
367c301a233c9f9d28ee052d11dbb4bf	149621.0	13	0392
3f8ca8c5059573e612f0a3421e164426	1185001.0	6	0392
42d7c505844d5f40048ae677d71c10ce	42679.0	6	0392
4604c30a226a4b03dd577f2a5b64650d	5904654.0	18	0392
46badd2b8318a8ccf7a3b4ac73def7c2	3975549.0	10	0392
4cd7209aaf9b0e2e1dc3df2240bf09b2	5905329.0	19	0392
57225abf5b7dded58ea083c9f0dd7dcc	6100234.0	28	0392
6179872ca2a5f22eb7f5e71a0427c6c6	7960988.0	18	0392
66e432e50f199a4e2ddbf8a911a97c73	5904654.0	18	0392
6a33f81e8926a13dd04d311ab906f1e2	6664961.0	18	0392
6b4206bc1e32b66cfb926749c3f13e50	1008459.0	3	0392
6e013546091136da5a76e82df6ea43fa	4023745.0	19	0392
7a764ba8ae5ab831c73580f5291dbe37	7961552.0	18	0392
7b7bcc609a64b52d7af39357ef9c950d	7056.0	1	0392
7e3ed97aa60fa8afb3769764ae22a5a6	5970393.0	23	0392
8dae0bc65e4f03de29aadc9004d05157	1994944.0	3	0392
923a6752b9f7bd71435b6e3a2e3241c5	1.0237207E7	45	0392
9389d15e2461dc7b740be306943207f6	1.0901091E7	48	0392
93a24b92b8982e333761ad90eb254cee	4017880.0	19	0392
a1b15f7677886bb24f8cf4f4bf914459	1994944.0	3	0392
aa8f9e88f39459a6f2edf34e5d5944d8	5905329.0	19	0392
adce6432192c5b99da49a3dfbdce8e37	1.1440796E7	18	0392
b0c008af9505f866f624af4c161c890e	2058175.0	11	0392
b138804b64c45ac6b6d7860906acf0d4	1509730.0	5	0392
b2fe0c816eda34546207c0619da63b69	8988013.0	11	0392
b9f6daef61b9aa350e057e6688fc4d3a	7989128.0	34	0392
c1c9537596df431ad1ff4e025f9bafc4	3161233.0	14	0392
c215ed77cba84f9ae0c2c20102ceef01	6903606.0	19	0392
c4421502e1155ea9faf5384246ad4b7e	1992057.0	9	0392
c5382daa3986c95b16883f84f2eaada5	9954427.0	40	0392
c855582bf079c8e18ab7c9e4640a24ab	5186850.0	23	0392
c9d823e9c39b61bd2265340e89d22ea7	1995619.0	4	0392
cd7b02d442c28be397a05d31d1b8ea32	1999052.0	10	0392
d19edbf0afa13ce395cafbbfe5a679f9	5323990.0	14	0392
de60d2499079efb889ce0657e3e55b7b	4918262.0	16	0392
df481fc6cac79cf9e127f9100f552794	14313.0	2	0392
e3910215aaae885565763f3372b7f44e	1.0109371E7	44	0608
e483f1f8acfb98942ae982e009bb63ae	3171771.0	14	0392
e6306ef9813adfc0089da7347e4ca6af	1.7602293E7	33	0392
ecd593252ba0670eb16b761228c1551c	4930693.0	17	0392
f0d9733236fbb00ed2d218e9c22c5753	5315322.0	23	0392
f1840c70ff35b4a958f1ff5a8e79c3a5	5904654.0	18	0392
f51d3a4f03e1f08e60f9939527c524f1	9330408.0	52	0392
f551af74311f56b05454c91905384c76	49712.0	7	0392
f9e796e29a37df543920fce750e6d4e5	1008459.0	3	0392
