1 	2 	2000.0
3 	4 	10000.0
5 	6 	1000.0
7 	8 	1500.0
7 	9 	4000.0
7 	10 	1500.0
7 	11 	5000.0
7 	12 	5000.0
13 	10 	500.0
14 	6 	2000.0
15 	2 	6000.0
16 	17 	2000.0
4 	18 	4000.0
21 	2 	1000.0
22 	6 	2000.0
23 	24 	500.0
25 	6 	2000.0
26 	27 	40000.0
28 	6 	1000.0
29 	6 	1000.0
32 	2 	2000.0
33 	2 	7000.0
34 	2 	1000.0
35 	2 	3000.0
27 	36 	33600.0
27 	37 	38000.0
27 	38 	32000.0
27 	39 	62000.0
27 	40 	34200.0
27 	41 	77600.0
27 	42 	32160.0
27 	43 	20400.0
27 	44 	65600.0
45 	2 	1000.0
48 	6 	3000.0
49 	50 	4000.0
51 	12 	500.0
52 	6 	1000.0
55 	56 	12000.0
57 	58 	1000.0
59 	2 	2000.0
61 	6 	2000.0
62 	6 	500.0
63 	6 	1000.0
64 	6 	1000.0
65 	2 	1000.0
66 	2 	5000.0
67 	17 	1000.0
68 	2 	1000.0
69 	8 	1000.0
70 	2 	2000.0
71 	2 	2000.0
72 	73 	100.0
74 	6 	3000.0
75 	2 	2000.0
77 	3 	4000.0
77 	18 	4000.0
78 	6 	2000.0
79 	6 	1000.0
80 	6 	3000.0
86 	87 	300.0
88 	89 	1000.0
88 	90 	1100.0
88 	91 	900.0
92 	17 	2000.0
93 	2 	88000.0
97 	17 	3000.0
98 	12 	600.0
99 	17 	300.0
100 	2 	1000.0
101 	103 	2000.0
101 	104 	600.0
105 	2 	1000.0
106 	6 	6000.0
107 	17 	1000.0
108 	6 	1000.0
109 	6 	1000.0
110 	6 	2000.0
111 	60 	4000.0
114 	17 	500.0
115 	27 	40000.0
116 	17 	140000.0
118 	2 	300.0
119 	2 	2000.0
120 	6 	2000.0
121 	6 	1000.0
122 	6 	2000.0
124 	18 	4000.0
125 	6 	1000.0
126 	17 	9000.0
24 	60 	4000.0
24 	127 	600.0
129 	6 	1000.0
47 	86 	1200.0
130 	27 	400.0
135 	6 	300.0
136 	137 	2000.0
138 	2 	500.0
139 	2 	1000.0
140 	6 	2000.0
141 	82 	7000.0
141 	83 	7000.0
141 	54 	1.0
141 	85 	7501.0
142 	6 	4000.0
143 	144 	900.0
143 	50 	500.0
143 	145 	800.0
143 	146 	800.0
148 	6 	1000.0
56 	149 	300.0
56 	55 	300.0
56 	96 	600.0
56 	6 	30000.0
150 	6 	9000.0
151 	2 	1000.0
151 	17 	1000.0
152 	12 	500.0
153 	6 	1000.0
154 	18 	8000.0
155 	2 	1000.0
156 	2 	3000.0
157 	6 	3000.0
2 	1 	15000.0
2 	159 	9000.0
2 	162 	23000.0
2 	163 	13000.0
2 	165 	200.0
2 	167 	200.0
2 	168 	200.0
2 	16 	200.0
2 	170 	200.0
2 	171 	200.0
2 	172 	400.0
2 	173 	6200.0
2 	176 	20000.0
2 	179 	200.0
2 	180 	600.0
2 	34 	200.0
2 	182 	400.0
2 	184 	1000.0
2 	185 	16000.0
2 	186 	800.0
2 	187 	800.0
2 	188 	1600.0
2 	189 	5000.0
2 	190 	5000.0
2 	195 	43000.0
2 	196 	1000.0
2 	198 	16000.0
2 	199 	10000.0
2 	68 	200.0
2 	201 	6200.0
2 	70 	200.0
2 	206 	600.0
2 	207 	4000.0
2 	208 	200.0
2 	209 	9000.0
2 	210 	14000.0
2 	211 	20000.0
2 	214 	1800.0
2 	215 	2400.0
2 	216 	600.0
2 	217 	200.0
2 	219 	14000.0
2 	220 	600.0
2 	222 	200.0
2 	223 	1200.0
2 	224 	200.0
2 	225 	600.0
2 	228 	5000.0
2 	229 	1400.0
2 	230 	1400.0
2 	231 	1000.0
2 	233 	200.0
2 	236 	600.0
2 	241 	200.0
2 	242 	200.0
2 	100 	600.0
2 	243 	25200.0
2 	244 	3000.0
2 	245 	400.0
2 	246 	400.0
2 	107 	1200.0
2 	248 	3000.0
2 	249 	16000.0
2 	250 	400.0
2 	252 	16000.0
2 	255 	14400.0
2 	118 	2400.0
2 	256 	200.0
2 	119 	200.0
2 	257 	600.0
2 	258 	8000.0
2 	262 	1000.0
2 	263 	6400.0
2 	264 	13000.0
2 	265 	400.0
2 	266 	4000.0
2 	272 	200.0
2 	273 	200.0
2 	274 	200.0
2 	276 	6200.0
2 	277 	2800.0
2 	278 	17200.0
2 	279 	400.0
2 	281 	200.0
2 	282 	600.0
2 	284 	13000.0
2 	147 	12000.0
2 	285 	400.0
2 	286 	200.0
2 	289 	400.0
2 	291 	400.0
2 	292 	8200.0
2 	293 	200.0
2 	294 	20000.0
2 	295 	400.0
2 	297 	17000.0
2 	300 	20000.0
2 	301 	200.0
2 	302 	80400.0
2 	305 	7000.0
2 	306 	6000.0
2 	307 	400.0
2 	311 	200.0
2 	312 	200.0
2 	315 	200.0
2 	317 	200.0
2 	318 	13000.0
2 	320 	600.0
2 	321 	10000.0
2 	323 	200.0
2 	327 	200.0
2 	328 	5000.0
2 	330 	600.0
2 	331 	6200.0
2 	333 	200.0
2 	334 	1980000.0
2 	336 	6000.0
2 	337 	6000.0
2 	338 	12200.0
2 	339 	1600.0
2 	340 	400.0
2 	341 	20000.0
2 	342 	7000.0
2 	343 	200.0
2 	344 	12000.0
2 	346 	10000.0
2 	348 	600.0
2 	350 	17000.0
2 	18 	4000.0
2 	352 	10000.0
2 	353 	600.0
2 	355 	200.0
2 	356 	200.0
2 	357 	20000.0
2 	358 	14000.0
2 	359 	13000.0
2 	360 	26000.0
2 	362 	12000.0
2 	365 	600.0
2 	367 	9000.0
2 	368 	5000.0
2 	370 	12000.0
2 	371 	200.0
2 	372 	600.0
2 	374 	200.0
2 	375 	600.0
2 	379 	400.0
2 	380 	400.0
2 	381 	200.0
2 	382 	12000.0
2 	385 	22000.0
2 	390 	16000.0
2 	393 	11200.0
2 	394 	7000.0
2 	395 	7200.0
2 	399 	400.0
400 	18 	6000.0
401 	2 	3000.0
401 	17 	3000.0
403 	6 	1000.0
404 	6 	3000.0
405 	2 	2000.0
406 	2 	2000.0
407 	6 	3000.0
408 	2 	2000.0
409 	2 	2000.0
410 	20 	1000.0
411 	17 	1177000.0
412 	111 	500.0
315 	2 	2000.0
10 	413 	1000.0
414 	6 	1000.0
87 	86 	4000.0
415 	6 	3000.0
133 	115 	602000.0
416 	6 	1000.0
417 	6 	3000.0
418 	27 	225000.0
58 	6 	6000.0
419 	6 	5000.0
420 	422 	800.0
420 	424 	1600.0
425 	2 	2000.0
426 	2 	3000.0
334 	6 	10000.0
427 	6 	2000.0
428 	17 	1000.0
11 	429 	2000.0
430 	6 	1000.0
431 	6 	1000.0
432 	433 	500000.0
17 	165 	10000.0
17 	167 	37000.0
17 	168 	16000.0
17 	15 	8000.0
17 	16 	12000.0
17 	435 	15000.0
17 	170 	1200.0
17 	171 	21000.0
17 	172 	800.0
17 	437 	9000.0
17 	438 	12000.0
17 	441 	10000.0
17 	180 	1800.0
17 	442 	3000.0
17 	34 	600.0
17 	443 	16000.0
17 	444 	72000.0
17 	182 	10000.0
17 	184 	50200.0
17 	186 	14000.0
17 	188 	35000.0
17 	446 	12000.0
17 	447 	1200.0
17 	189 	17000.0
17 	448 	10000.0
17 	196 	28200.0
17 	449 	18000.0
17 	68 	12000.0
17 	70 	14000.0
17 	206 	12000.0
17 	450 	10000.0
17 	451 	20000.0
17 	452 	28000.0
17 	454 	18000.0
17 	455 	50000.0
17 	456 	47200.0
17 	457 	28000.0
17 	458 	2000.0
17 	214 	13200.0
17 	215 	38000.0
17 	216 	20000.0
17 	217 	7000.0
17 	459 	17000.0
17 	460 	5000.0
17 	461 	14000.0
17 	464 	14000.0
17 	222 	19000.0
17 	465 	14000.0
17 	466 	10000.0
17 	223 	28000.0
17 	224 	14000.0
17 	467 	6000.0
17 	228 	36000.0
17 	229 	37400.0
17 	230 	20000.0
17 	469 	14000.0
17 	236 	22000.0
17 	470 	33000.0
17 	471 	18000.0
17 	472 	12000.0
17 	473 	22000.0
17 	107 	62000.0
17 	475 	16000.0
17 	252 	28000.0
17 	116 	16000.0
17 	477 	2000.0
17 	478 	1200.0
17 	479 	13000.0
17 	481 	1200.0
17 	482 	17000.0
17 	118 	27000.0
17 	256 	15000.0
17 	483 	5000.0
17 	257 	17000.0
17 	262 	36000.0
17 	485 	4000.0
17 	487 	10600.0
17 	272 	12000.0
17 	488 	10000.0
17 	490 	20000.0
17 	491 	12000.0
17 	492 	43000.0
17 	493 	12000.0
17 	494 	9000.0
17 	495 	17000.0
17 	498 	4000.0
17 	277 	24600.0
17 	279 	31000.0
17 	280 	5000.0
17 	281 	18000.0
17 	282 	17400.0
17 	500 	12000.0
17 	501 	38000.0
17 	503 	2000.0
17 	504 	20000.0
17 	147 	13000.0
17 	151 	16000.0
17 	2 	90000.0
17 	505 	4000.0
17 	401 	8000.0
17 	292 	18800.0
17 	506 	20000.0
17 	507 	6000.0
17 	295 	11800.0
17 	298 	19000.0
17 	508 	6000.0
17 	509 	5000.0
17 	510 	11000.0
17 	311 	8000.0
17 	312 	8000.0
17 	313 	50000.0
17 	411 	420200.0
17 	314 	41000.0
17 	511 	11000.0
17 	512 	10000.0
17 	513 	6000.0
17 	514 	4000.0
17 	517 	15000.0
17 	518 	2000.0
17 	330 	600.0
17 	520 	5000.0
17 	521 	28000.0
17 	522 	8000.0
17 	426 	8000.0
17 	428 	17000.0
17 	524 	23000.0
17 	525 	12000.0
17 	338 	76000.0
17 	339 	23200.0
17 	527 	12000.0
17 	528 	18000.0
17 	530 	3000.0
17 	531 	15000.0
17 	532 	2000.0
17 	351 	8000.0
17 	353 	31000.0
17 	355 	50000.0
17 	358 	33000.0
17 	535 	10000.0
17 	362 	2000.0
17 	536 	16000.0
17 	537 	49000.0
17 	370 	2000.0
17 	372 	10000.0
17 	539 	17000.0
17 	374 	8000.0
17 	540 	24000.0
17 	375 	43200.0
17 	380 	1200.0
17 	541 	19000.0
17 	543 	36600.0
17 	390 	12000.0
17 	545 	10000.0
17 	546 	14000.0
17 	547 	10000.0
17 	399 	10000.0
548 	6 	30000.0
528 	2 	2000.0
528 	17 	1000.0
73 	549 	2000.0
550 	20 	1000.0
551 	6 	1000.0
343 	2 	2000.0
552 	6 	1000.0
553 	6 	1000.0
554 	6 	3000.0
557 	54 	2.0
558 	54 	1400.0
350 	2 	1000.0
559 	111 	1500.0
559 	24 	1500.0
559 	561 	1000.0
559 	562 	1000.0
18 	17 	15000.0
18 	564 	27000.0
565 	2 	2000.0
566 	2 	2000.0
567 	6 	2000.0
568 	6 	6000.0
569 	2 	3000.0
569 	17 	1000.0
570 	6 	1000.0
571 	2 	3000.0
572 	27 	20000.0
573 	574 	500.0
573 	575 	500.0
94 	20 	1500.0
54 	576 	3200.0
577 	6 	2000.0
578 	6 	3000.0
579 	18 	4000.0
580 	17 	3000.0
371 	2 	600.0
581 	2 	2000.0
374 	2 	2500.0
583 	6 	4000.0
584 	585 	1000.0
382 	2 	1000.0
96 	56 	22000.0
587 	2 	1000.0
588 	6 	1000.0
387 	2 	100.0
6 	3 	1200.0
6 	589 	20800.0
6 	592 	19000.0
6 	593 	600.0
6 	595 	20000.0
6 	598 	19400.0
6 	599 	12000.0
6 	600 	10000.0
6 	604 	6000.0
6 	606 	600.0
6 	607 	60000.0
6 	608 	19000.0
6 	611 	20000.0
6 	613 	5000.0
6 	614 	600.0
6 	106 	3000.0
6 	618 	20000.0
6 	122 	3000.0
6 	621 	20000.0
6 	622 	10000.0
6 	623 	9800.0
6 	624 	600.0
6 	626 	10000.0
6 	140 	3000.0
6 	627 	10000.0
6 	628 	28000.0
6 	142 	18000.0
6 	629 	7000.0
6 	403 	20000.0
6 	633 	4000.0
6 	634 	2000.0
6 	305 	600.0
6 	636 	600.0
6 	637 	20000.0
6 	414 	46000.0
6 	638 	12000.0
6 	417 	4200.0
6 	639 	4000.0
6 	640 	9600.0
6 	641 	12000.0
6 	643 	24000.0
6 	644 	18000.0
6 	17 	18000.0
6 	548 	60000.0
6 	646 	26000.0
6 	647 	16000.0
6 	18 	6000.0
6 	650 	42200.0
6 	568 	3000.0
6 	651 	54000.0
6 	652 	20000.0
6 	653 	600.0
6 	654 	15000.0
6 	655 	19000.0
6 	656 	20000.0
6 	657 	10000.0
6 	658 	33000.0
6 	659 	20000.0
6 	660 	30000.0
6 	662 	8000.0
667 	2 	2000.0
667 	17 	207000.0
392 	17 	1000.0
668 	2 	2000.0
669 	6 	2000.0
670 	54 	1.0
671 	27 	7100.0
671 	422 	5000.0
671 	423 	5600.0
671 	672 	5500.0
665 	6 	1000.0
673 	574 	200.0
673 	73 	900.0
673 	575 	200.0
674 	6 	2000.0
