384 	d17 	113332 	0392
369 	d18 	111242 	2900
399 	d2 	090631 	2900
601 	d6 	102413 	2900
520 	d11 	092241 	2900
1984 	d11 	181856 	2900
1911 	d34 	143345 	2900
1959 	d34 	143803 	2900
662 	d28 	115012 	2900
662 	d28 	082901 	2900
1948 	d60 	101450 	2900
1948 	d61 	105021 	2900
1936 	d74 	164217 	2900
399 	d2 	110817 	2900
1911 	d38 	103707 	2900
1964 	d38 	103719 	2900
643 	d13 	093714 	2900
603 	d4 	152142 	2900
662 	d74 	091747 	2900
662 	d70 	104732 	2900
603 	d4 	145401 	2900
1937 	d40 	112713 	2900
396 	d2 	110405 	2900
514 	d2 	155611 	1310
514 	d3 	161535 	1310
399 	d3 	090803 	2900
585 	d11 	093348 	2900
1918 	d63 	183905 	2900
1948 	d63 	114832 	2900
1936 	d63 	125400 	0392
1949 	d63 	184210 	2900
1944 	d30 	143112 	0392
662 	d27 	095028 	2900
130 	d28 	112715 	2900
369 	d18 	110559 	2900
369 	d18 	155753 	2900
412 	d18 	103827 	2900
607 	d18 	094527 	2900
1918 	d39 	081729 	2900
569 	d42 	094148 	2900
1943 	d63 	192508 	2900
1940 	d63 	121131 	2900
1935 	d64 	130048 	2900
603 	d6 	102510 	2900
585 	d7 	133102 	0392
571 	d8 	140512 	2900
495 	d30 	161447 	2900
601 	d6 	123243 	2900
585 	d7 	163832 	0392
1911 	d41 	101821 	2900
1952 	d65 	192513 	2900
1943 	d63 	121226 	2900
324 	d39 	090741 	2900
75 	d2 	110650 	2900
399 	d3 	122032 	2900
571 	d7 	113641 	0392
571 	d7 	163220 	0392
520 	d7 	113604 	0392
571 	d8 	173129 	2900
1983 	d14 	165022 	2900
662 	d71 	125610 	2900
607 	d11 	173722 	2900
1982 	d38 	135217 	2900
1987 	d46 	144916 	1270
399 	d66 	140754 	2900
1981 	d67 	104739 	2900
1981 	d67 	160418 	0392
1947 	d58 	134559 	6110
571 	d7 	124538 	0392
1952 	d63 	184144 	2900
1935 	d63 	184155 	2900
18 	d57 	102605 	2900
1947 	d58 	182309 	6110
1947 	d58 	091725 	6110
1936 	d59 	115500 	0392
662 	d59 	104539 	2900
1948 	d59 	152437 	0392
1942 	d58 	170725 	3080
1948 	d59 	151007 	0392
1948 	d59 	181209 	2900
1958 	d64 	125929 	2900
1940 	d64 	160844 	2900
1933 	d66 	092856 	2900
1934 	d63 	182852 	0392
662 	d63 	183631 	2900
1941 	d63 	114922 	2900
1947 	d58 	020731 	0840
1947 	d58 	021259 	6110
1936 	d59 	150953 	0392
607 	d14 	100020 	2900
607 	d15 	140934 	2900
1936 	d60 	101437 	2900
1948 	d58 	152708 	2900
225 	d32 	150420 	2900
1944 	d32 	084742 	2900
1944 	d28 	105344 	2900
495 	d28 	180339 	2900
511 	d22 	165623 	2900
399 	d5 	150531 	2900
75 	d6 	123232 	2900
585 	d7 	113715 	0392
1965 	d61 	151018 	2900
1940 	d61 	174430 	2900
569 	d38 	135037 	2900
1951 	d40 	112936 	2900
18 	d69 	112315 	2900
1957 	d30 	162828 	2900
1918 	d82 	163505 	2900
1918 	d82 	163040 	2900
662 	d20 	120436 	2900
1944 	d28 	134139 	0392
662 	d29 	080245 	2900
75 	d5 	125504 	2900
449 	d6 	112537 	2900
601 	d6 	113130 	2900
520 	d10 	210001 	2900
565 	d11 	171414 	2900
585 	d8 	192017 	0392
571 	d9 	135735 	2900
399 	d10 	144848 	2900
608 	d10 	164824 	2900
571 	d11 	093308 	2900
608 	d13 	135813 	2900
1978 	d13 	185903 	2900
563 	d14 	162714 	2900
1978 	d13 	133231 	1270
449 	d14 	162640 	2900
654 	d17 	203111 	2900
384 	d17 	103844 	2900
399 	d19 	075522 	2900
565 	d19 	091916 	2900
533 	d19 	195743 	2900
3 	d19 	093255 	2900
399 	d22 	142423 	2900
598 	d22 	163729 	2900
662 	d22 	135007 	2900
654 	d24 	112442 	2900
533 	d25 	100023 	0392
130 	d25 	170329 	2900
1918 	d31 	191833 	2900
1968 	d32 	110306 	2900
1918 	d33 	165904 	2900
1959 	d34 	111215 	2900
1938 	d36 	180400 	2900
324 	d38 	135056 	2900
1964 	d38 	105802 	2900
147 	d38 	111309 	2900
147 	d39 	090454 	2900
569 	d40 	112734 	2900
1980 	d46 	144649 	1270
1936 	d58 	152657 	2900
1941 	d58 	153146 	2900
1936 	d61 	124640 	0392
1936 	d61 	105009 	2900
399 	d41 	093637 	2900
662 	d67 	155126 	2900
1970 	d35 	095841 	2900
662 	d48 	144011 	2900
130 	d34 	110527 	2900
24 	d34 	110509 	2900
1938 	d34 	143630 	2900
1918 	d34 	110958 	2900
250 	d22 	134952 	2900
588 	d24 	120121 	2900
1911 	d34 	143552 	2900
511 	d24 	101214 	2900
442 	d25 	100107 	0392
523 	d25 	145848 	2900
511 	d25 	132640 	2900
130 	d25 	184159 	2900
1957 	d27 	154308 	2900
603 	d1 	161651 	2900
1989 	d0 	152801 	2900
1959 	d34 	153754 	2900
1969 	d34 	111147 	2900
324 	d35 	115828 	2900
399 	d74 	141222 	2900
1948 	d62 	101322 	2900
655 	d26 	114704 	0392
130 	d27 	151548 	2900
316 	d27 	151602 	2900
569 	d41 	104315 	2900
569 	d41 	100039 	2900
1964 	d40 	112651 	2900
621 	d2 	110539 	2900
449 	d5 	120005 	2900
621 	d6 	112520 	2900
1937 	d36 	175931 	2900
662 	d39 	080115 	2900
662 	d39 	080135 	2900
399 	d39 	080922 	2900
1940 	d61 	151134 	2900
511 	d25 	125851 	2900
643 	d10 	163941 	2900
639 	d11 	125554 	2900
1937 	d40 	113001 	2900
662 	d57 	145909 	2900
384 	d17 	114032 	0392
510 	d24 	101305 	2900
598 	d24 	101418 	2900
598 	d24 	114356 	2900
384 	d18 	154317 	2900
3 	d18 	171025 	2900
384 	d18 	084015 	2900
614 	d19 	195815 	2900
1942 	d23 	210253 	2900
399 	d11 	155502 	2900
637 	d25 	165637 	0392
1957 	d32 	094847 	2900
24 	d33 	134742 	2900
399 	d0 	153134 	2900
1983 	d0 	153056 	2900
1954 	d1 	205858 	0392
1981 	d69 	111045 	2900
1955 	d69 	111025 	2900
130 	d33 	134818 	2900
412 	d19 	174304 	2900
510 	d20 	150733 	2900
250 	d26 	092633 	2900
442 	d27 	095028 	2900
24 	d27 	155554 	2900
1968 	d28 	180256 	2900
316 	d29 	115913 	2900
449 	d5 	124946 	2900
662 	d73 	171635 	2900
1957 	d42 	085139 	2900
399 	d8 	145247 	2900
565 	d10 	204837 	2900
520 	d10 	210046 	2900
1957 	d27 	151455 	2900
1946 	d28 	155853 	2900
594 	d26 	162149 	2900
655 	d26 	132531 	2900
510 	d26 	125244 	2900
520 	d7 	141140 	0392
1936 	d62 	121801 	0392
509 	d26 	152626 	2900
598 	d24 	111106 	2900
1987 	d25 	195322 	2900
1964 	d39 	090409 	2900
399 	d40 	113723 	2900
1911 	d41 	100033 	2900
569 	d41 	101828 	2900
643 	d10 	205337 	2900
643 	d13 	094411 	2900
608 	d13 	135844 	2900
477 	d11 	155617 	2900
409 	d11 	161352 	2900
1990 	d0 	180019 	7310
565 	d17 	101418 	2900
588 	d13 	130659 	2900
588 	d13 	131123 	0392
1951 	d40 	112910 	2900
643 	d13 	153325 	2900
662 	d67 	101812 	2900
1957 	d31 	111132 	2900
250 	d21 	133928 	2900
621 	d4 	135720 	2900
1981 	d63 	165613 	2900
614 	d23 	122720 	2900
533 	d23 	122453 	2900
598 	d25 	130600 	2900
1955 	d68 	110419 	0392
369 	d20 	163431 	2900
655 	d26 	181428 	2900
1988 	d14 	205203 	2900
607 	d17 	101402 	2900
369 	d17 	103859 	2900
1941 	d63 	115016 	2900
569 	d41 	104508 	2900
597 	d26 	114921 	0392
637 	d26 	115022 	0392
250 	d24 	100812 	2900
655 	d25 	155437 	2900
442 	d25 	130927 	2900
384 	d18 	154235 	2900
565 	d18 	094553 	2900
654 	d15 	132900 	1270
18 	d64 	151818 	3110
1952 	d64 	141540 	0392
621 	d6 	110126 	2900
1962 	d25 	130738 	2900
250 	d26 	151251 	2900
1918 	d84 	160828 	2900
1960 	d66 	142021 	0392
130 	d42 	075802 	2900
569 	d42 	100309 	2900
510 	d21 	152240 	2900
384 	d17 	105142 	2900
250 	d17 	180809 	2900
384 	d18 	160255 	2900
662 	d73 	183957 	2900
1966 	d27 	152415 	2900
1957 	d28 	130830 	2900
130 	d28 	133911 	2900
316 	d29 	120029 	2900
477 	d10 	162126 	2900
520 	d10 	205940 	2900
607 	d11 	171409 	2900
316 	d28 	120116 	2900
533 	d28 	113816 	0392
399 	d13 	102554 	2900
585 	d7 	124609 	0392
1955 	d64 	140819 	0392
662 	d64 	152421 	2900
1958 	d65 	183352 	0392
1981 	d65 	122406 	2900
1960 	d65 	181401 	0392
1933 	d66 	142005 	0392
1942 	d64 	151907 	3030
1981 	d65 	171749 	0392
1954 	d10 	194906 	2900
409 	d10 	204056 	2900
18 	d54 	150744 	2900
1969 	d32 	145509 	2900
495 	d32 	104524 	2900
1938 	d33 	170741 	2900
369 	d18 	172601 	0392
369 	d18 	084039 	2900
384 	d18 	172624 	0392
1942 	d19 	194448 	2900
1938 	d34 	150217 	2900
1969 	d35 	100312 	2900
1964 	d35 	100244 	2900
1963 	d34 	173010 	2900
324 	d34 	172932 	2900
1982 	d34 	165717 	2900
1969 	d34 	143731 	2900
1954 	d9 	225941 	2900
607 	d10 	165054 	2900
639 	d10 	161938 	2900
563 	d6 	112528 	2900
449 	d6 	113118 	2900
1918 	d41 	101811 	2900
24 	d42 	085119 	2900
130 	d42 	085232 	2900
598 	d22 	165724 	2900
588 	d14 	152148 	2900
509 	d29 	115833 	2900
1946 	d31 	113402 	2900
1944 	d31 	094024 	2900
399 	d7 	134709 	2900
1959 	d32 	150610 	2900
1937 	d33 	170821 	2900
1937 	d35 	100343 	2900
569 	d34 	164618 	2900
1918 	d34 	123345 	2900
662 	d71 	131850 	2900
1969 	d32 	144533 	2900
225 	d34 	150233 	2900
569 	d34 	171740 	2900
1977 	d10 	142721 	0392
510 	d21 	145732 	2900
598 	d21 	152307 	2900
409 	d11 	173628 	2900
520 	d8 	173026 	2900
565 	d11 	161406 	2900
1956 	d11 	192038 	0392
639 	d11 	155024 	2900
399 	d11 	120722 	2900
1983 	d1 	161637 	2900
563 	d3 	090519 	2900
215 	d32 	104540 	2900
1957 	d25 	170300 	2900
24 	d27 	151437 	2900
509 	d27 	154326 	2900
1944 	d27 	162526 	5840
1955 	d65 	122340 	2900
1934 	d66 	114820 	0392
399 	d39 	080028 	2900
1972 	d46 	144759 	1270
1918 	d82 	163658 	2900
399 	d21 	181947 	2900
1937 	d36 	101522 	2900
1937 	d36 	194725 	2900
662 	d74 	091020 	2900
18 	d57 	150721 	2900
1978 	d4 	123719 	2900
514 	d5 	173944 	2900
1968 	d31 	111514 	2900
399 	d3 	184202 	2900
396 	d4 	124137 	2900
147 	d35 	100456 	2900
1951 	d38 	135135 	2900
1961 	d61 	151059 	2900
588 	d13 	150707 	2900
1989 	d14 	165112 	2900
1936 	d59 	152420 	0392
662 	d59 	104437 	2900
1936 	d60 	114032 	0392
520 	d11 	093239 	2900
412 	d12 	183353 	2900
514 	d13 	130737 	2900
608 	d13 	135933 	2900
1918 	d34 	153502 	2900
215 	d31 	130224 	2900
1967 	d46 	144821 	1270
1953 	d66 	171545 	2900
1955 	d67 	093831 	2900
1933 	d67 	093806 	2900
1933 	d67 	185639 	0392
1934 	d65 	140822 	0392
1940 	d66 	171517 	2900
509 	d28 	140928 	2900
215 	d28 	161940 	2900
585 	d9 	140050 	2900
662 	d48 	144138 	2900
399 	d74 	141233 	2900
1981 	d67 	111653 	2900
147 	d32 	160149 	2900
1942 	d33 	225413 	2900
1961 	d64 	165325 	2900
1955 	d65 	134142 	0392
565 	d16 	212226 	2900
1960 	d67 	105714 	0392
662 	d69 	111618 	2900
1933 	d67 	185617 	0392
1918 	d84 	163316 	2900
607 	d14 	094800 	2900
643 	d15 	222014 	2900
3 	d16 	182002 	2900
607 	d10 	205123 	2900
608 	d12 	143801 	2900
608 	d12 	144017 	2900
1918 	d63 	183619 	2900
1948 	d62 	121743 	0392
662 	d21 	133942 	2900
384 	d18 	094411 	2900
1970 	d34 	132428 	0392
1970 	d34 	113352 	2900
662 	d47 	112800 	2900
601 	d4 	135830 	2900
399 	d5 	134123 	2900
621 	d6 	123223 	2900
603 	d6 	112611 	2900
571 	d6 	224339 	2900
1934 	d66 	153859 	0392
654 	d20 	210502 	2900
569 	d42 	102327 	2900
3 	d18 	163942 	2900
510 	d20 	133937 	2900
1938 	d34 	111043 	2900
1918 	d34 	143534 	2900
369 	d16 	120442 	2900
384 	d15 	001732 	2900
1935 	d62 	155649 	5840
1944 	d32 	084647 	2900
399 	d1 	165516 	2900
24 	d33 	145839 	2900
1969 	d34 	153724 	2900
1951 	d34 	164742 	2900
147 	d34 	153852 	2900
1918 	d82 	163257 	2900
563 	d2 	090925 	2900
520 	d10 	171042 	0392
607 	d11 	161234 	2900
495 	d32 	094245 	2900
1942 	d67 	121237 	3050
369 	d18 	154256 	2900
662 	d78 	110256 	2900
585 	d8 	181838 	2900
585 	d8 	181334 	2900
520 	d9 	135741 	2900
571 	d9 	140039 	2900
1973 	d26 	130640 	0392
130 	d28 	140940 	2900
130 	d28 	120057 	2900
603 	d3 	090746 	2900
563 	d3 	121822 	2900
1918 	d32 	140535 	2900
130 	d32 	094900 	2900
399 	d40 	172142 	2900
662 	d25 	140205 	2900
1918 	d80 	142434 	2900
1976 	d10 	162609 	2900
399 	d12 	155934 	2900
601 	d3 	121920 	2900
1944 	d29 	104545 	2900
24 	d29 	111650 	2900
514 	d3 	182410 	2900
24 	d29 	121159 	2900
1938 	d38 	103723 	2900
1964 	d39 	090320 	2900
1960 	d65 	200529 	0392
1934 	d65 	141705 	2900
1935 	d65 	200502 	0392
1981 	d65 	133815 	0392
1918 	d82 	163004 	2900
1918 	d82 	163240 	2900
1934 	d67 	100756 	2900
1934 	d67 	100907 	2900
662 	d73 	171502 	2900
569 	d43 	081704 	2900
1918 	d63 	184318 	2900
215 	d28 	180353 	2900
1947 	d59 	043116 	6110
662 	d39 	080010 	2900
1911 	d55 	085956 	2900
1941 	d57 	124134 	5840
1947 	d58 	020720 	0840
662 	d59 	104623 	2900
523 	d24 	191141 	2900
1945 	d38 	135117 	2900
1911 	d38 	105749 	2900
1965 	d64 	162152 	2900
1968 	d31 	130305 	2900
1941 	d59 	151022 	0392
1940 	d61 	174508 	2900
1942 	d58 	170435 	3080
1911 	d35 	094746 	2900
511 	d21 	152254 	2900
598 	d21 	145821 	2900
510 	d21 	152352 	2900
1941 	d61 	110927 	2900
1940 	d61 	173827 	2900
1955 	d62 	155332 	5840
662 	d80 	112146 	2900
1918 	d38 	103701 	2900
1961 	d61 	151109 	2900
1961 	d63 	192536 	2900
24 	d31 	111118 	2900
1944 	d31 	110626 	0392
1941 	d57 	124122 	5840
495 	d30 	163636 	2900
509 	d28 	133855 	2900
250 	d22 	123314 	2900
1960 	d65 	133717 	0392
1981 	d66 	104722 	0392
603 	d3 	122011 	2900
569 	d35 	112520 	2900
1918 	d35 	100203 	2900
75 	d0 	152900 	2900
621 	d1 	161307 	2900
514 	d3 	161508 	2900
514 	d24 	121259 	2900
1962 	d25 	100340 	0392
250 	d26 	151235 	2900
637 	d26 	181258 	2900
1918 	d82 	162435 	2900
449 	d4 	135803 	2900
75 	d5 	125739 	2900
621 	d6 	113052 	2900
621 	d6 	102255 	2900
520 	d7 	132959 	0392
585 	d8 	161720 	2900
1977 	d10 	163755 	2900
520 	d8 	140447 	2900
396 	d11 	173528 	2900
607 	d10 	205148 	2900
585 	d10 	092146 	2900
643 	d13 	153408 	2900
607 	d15 	124808 	2900
369 	d15 	191611 	2900
3 	d14 	205130 	2900
565 	d18 	092348 	2900
369 	d18 	081209 	2900
598 	d24 	110424 	2900
662 	d25 	135757 	2900
598 	d24 	111023 	2900
510 	d25 	125836 	2900
598 	d25 	125930 	2900
637 	d25 	155538 	2900
1954 	d24 	115811 	2900
316 	d25 	170345 	2900
637 	d25 	145035 	0392
662 	d26 	123709 	2900
597 	d26 	105204 	2900
637 	d26 	132453 	2900
598 	d26 	124052 	2900
316 	d27 	155208 	2900
1957 	d27 	154946 	2900
1962 	d27 	095245 	2900
509 	d27 	151518 	2900
509 	d28 	112629 	2900
1946 	d29 	134840 	2900
24 	d29 	115805 	2900
1968 	d30 	161559 	2900
215 	d30 	163547 	2900
1968 	d31 	113421 	2900
225 	d32 	145456 	2900
130 	d33 	144444 	2900
24 	d33 	115644 	2900
1937 	d37 	122410 	2900
324 	d39 	090655 	2900
662 	d39 	080052 	2900
399 	d39 	080101 	2900
1964 	d40 	113039 	2900
130 	d42 	085246 	2900
1947 	d58 	182450 	6110
1936 	d58 	133708 	2900
1953 	d61 	151049 	2900
1948 	d61 	124607 	0392
1952 	d62 	155357 	5840
1940 	d61 	173710 	2900
1949 	d63 	170406 	2900
1934 	d63 	170325 	2900
18 	d63 	183111 	3080
1942 	d63 	183158 	3080
1953 	d63 	121157 	2900
1935 	d66 	093217 	2900
1941 	d59 	103646 	2900
1934 	d65 	130118 	2900
598 	d24 	105822 	2900
1955 	d64 	125915 	2900
1960 	d66 	092908 	2900
316 	d29 	120152 	2900
1968 	d30 	171258 	2900
1935 	d65 	184917 	2900
1933 	d65 	183137 	0392
1964 	d32 	142106 	2900
1969 	d34 	150247 	2900
1934 	d66 	101447 	2900
1960 	d67 	093819 	2900
662 	d39 	123752 	2900
399 	d40 	113701 	2900
1951 	d39 	090724 	2900
1975 	d33 	224501 	2900
1982 	d34 	165734 	2900
509 	d26 	151520 	2900
523 	d25 	112323 	2900
130 	d25 	175539 	2900
662 	d24 	100900 	2900
1986 	d25 	183602 	2900
316 	d25 	184213 	2900
509 	d25 	183848 	2900
637 	d26 	105121 	2900
75 	d6 	110221 	2900
510 	d22 	162701 	2900
442 	d23 	122308 	2900
1968 	d30 	164224 	2900
384 	d15 	102635 	2900
369 	d16 	100053 	2900
399 	d5 	185427 	2900
607 	d19 	091852 	2900
3 	d19 	183339 	2900
1948 	d63 	114820 	2900
1933 	d63 	165710 	2900
1964 	d35 	094801 	2900
399 	d5 	185726 	2900
399 	d5 	135705 	2900
603 	d5 	125531 	2900
1979 	d25 	175107 	2900
1948 	d60 	113946 	0392
1941 	d61 	152055 	0392
1933 	d62 	155828 	5840
1936 	d63 	114704 	2900
384 	d15 	191550 	2900
1957 	d25 	175512 	2900
1966 	d26 	205449 	0392
316 	d26 	150223 	2900
597 	d26 	105139 	2900
1962 	d27 	101255 	2900
585 	d7 	171134 	0392
399 	d8 	145233 	2900
588 	d13 	175305 	2900
603 	d14 	162609 	2900
369 	d15 	002248 	2900
1938 	d34 	143702 	2900
1911 	d35 	100220 	2900
1938 	d36 	180548 	2900
1963 	d39 	090740 	2900
1951 	d40 	113023 	2900
1918 	d40 	112625 	2900
662 	d70 	110249 	2900
1974 	d25 	175909 	2900
523 	d25 	165228 	2900
24 	d25 	170248 	2900
399 	d14 	102651 	2900
399 	d6 	082138 	2900
449 	d6 	102343 	2900
571 	d7 	171515 	0392
399 	d27 	160104 	2900
1944 	d29 	095620 	2900
1935 	d64 	141622 	0392
449 	d1 	161405 	2900
1945 	d40 	112746 	2900
1955 	d66 	104535 	0392
662 	d67 	154742 	2900
384 	d18 	111229 	2900
1949 	d62 	155853 	5840
1953 	d63 	121150 	2900
1953 	d63 	192449 	2900
1911 	d41 	092906 	2900
1953 	d61 	173036 	2900
3 	d18 	170910 	2900
412 	d18 	105137 	2900
384 	d16 	113850 	2900
75 	d2 	090711 	2900
369 	d18 	135535 	2900
1968 	d30 	163004 	2900
1968 	d30 	174034 	2900
399 	d78 	144514 	2900
1968 	d32 	104808 	2900
24 	d33 	143900 	2900
1949 	d66 	141803 	0392
1958 	d66 	092934 	2900
1955 	d67 	105756 	0392
601 	d2 	090728 	2900
396 	d2 	091121 	2900
369 	d17 	113402 	0392
384 	d18 	154638 	2900
384 	d18 	110533 	2900
384 	d18 	154221 	2900
662 	d78 	110614 	2900
396 	d3 	090327 	2900
1983 	d3 	090724 	2900
563 	d4 	135734 	2900
601 	d5 	125512 	2900
369 	d18 	160002 	2900
1968 	d28 	165021 	2900
1978 	d10 	164957 	1480
1981 	d68 	110503 	0392
585 	d8 	181709 	2900
588 	d9 	225958 	2900
1957 	d34 	152707 	2900
399 	d9 	163134 	2900
1936 	d65 	113524 	2900
1952 	d66 	141748 	0392
662 	d43 	084008 	2900
1918 	d78 	144030 	2900
662 	d80 	111357 	2900
1947 	d59 	131235 	6110
565 	d10 	171921 	2900
478 	d10 	163300 	2900
1976 	d11 	160342 	2900
662 	d25 	125227 	2900
1938 	d34 	153652 	2900
1911 	d34 	143407 	2900
1937 	d34 	111202 	2900
147 	d34 	143914 	2900
130 	d26 	150206 	2900
449 	d3 	190541 	2900
621 	d3 	190430 	2900
1911 	d42 	085307 	2900
510 	d25 	130522 	2900
655 	d26 	110146 	2900
24 	d27 	131317 	2900
369 	d15 	120055 	2900
1948 	d57 	124916 	5840
1949 	d65 	184927 	2900
1933 	d66 	113031 	0392
1960 	d66 	113012 	0392
1949 	d66 	141825 	0392
1948 	d57 	124904 	5840
384 	d16 	100109 	2900
1945 	d39 	090709 	2900
399 	d39 	080017 	2900
1949 	d65 	200818 	0392
601 	d3 	190616 	2900
1970 	d35 	112335 	0392
1937 	d32 	144716 	2900
1959 	d32 	145541 	2900
396 	d2 	110254 	2900
662 	d80 	111406 	2900
601 	d6 	112547 	2900
621 	d6 	110120 	2900
1964 	d33 	170714 	2900
565 	d11 	173736 	2900
1954 	d11 	172301 	2900
396 	d11 	173319 	2900
449 	d3 	090550 	2900
598 	d20 	134029 	2900
511 	d21 	145804 	2900
130 	d31 	111148 	2900
1938 	d33 	170728 	2900
1918 	d33 	170701 	2900
1938 	d36 	104155 	2900
1937 	d36 	193436 	2900
1944 	d28 	125251 	2900
130 	d28 	140954 	2900
1968 	d28 	155905 	2900
495 	d29 	134757 	2900
1973 	d27 	152358 	2900
1973 	d27 	160300 	2900
1981 	d64 	141702 	0392
1952 	d65 	182919 	2900
1955 	d68 	095514 	2900
1918 	d36 	101436 	2900
662 	d71 	125631 	2900
409 	d10 	162021 	2900
520 	d7 	124522 	0392
1948 	d58 	133722 	2900
1936 	d58 	165318 	0392
662 	d20 	113602 	2900
1957 	d28 	120015 	2900
384 	d17 	113536 	0392
1968 	d33 	134840 	2900
1911 	d34 	154631 	2900
621 	d5 	124931 	2900
571 	d7 	141157 	0392
654 	d4 	123404 	2900
1918 	d38 	111228 	2900
662 	d38 	120102 	2900
399 	d39 	080653 	2900
1947 	d85 	063048 	6350
1964 	d37 	111538 	2900
396 	d0 	152618 	2900
563 	d0 	152813 	2900
1988 	d17 	194423 	2900
495 	d31 	113327 	2900
1968 	d32 	105015 	2900
614 	d25 	130341 	2900
510 	d25 	141252 	2900
637 	d25 	160508 	2900
384 	d18 	081052 	2900
601 	d2 	110634 	2900
250 	d20 	113540 	2900
662 	d21 	131355 	2900
24 	d27 	154918 	2900
316 	d28 	145544 	2900
24 	d28 	134112 	2900
1955 	d63 	160207 	2900
24 	d34 	092534 	2900
1964 	d34 	150158 	2900
130 	d35 	075139 	2900
1960 	d62 	155735 	5840
1911 	d37 	111524 	2900
662 	d37 	075855 	2900
533 	d27 	095100 	2900
1974 	d46 	144735 	1270
399 	d85 	092322 	2900
511 	d25 	130540 	2900
523 	d25 	165448 	2900
1956 	d26 	042157 	0392
655 	d26 	181623 	2900
495 	d28 	155827 	2900
18 	d67 	154313 	3010
1936 	d62 	101305 	2900
1960 	d63 	165657 	2900
399 	d78 	144748 	2900
1918 	d78 	144042 	2900
1942 	d23 	121229 	2900
533 	d25 	130942 	2900
396 	d11 	173331 	2900
1970 	d35 	094846 	2900
1945 	d35 	112538 	2900
1953 	d64 	160901 	2900
520 	d11 	092412 	2900
654 	d13 	145918 	0392
608 	d11 	161129 	2900
250 	d26 	172946 	2900
1988 	d16 	182036 	2900
662 	d73 	171214 	2900
1918 	d82 	155425 	2900
1918 	d82 	160113 	2900
1970 	d36 	124818 	2900
1938 	d36 	101507 	2900
563 	d6 	110143 	2900
1966 	d27 	165018 	2900
316 	d27 	154426 	2900
1989 	d0 	152954 	2900
1983 	d4 	145348 	2900
1955 	d66 	092920 	2900
510 	d22 	160214 	2900
510 	d22 	152733 	2900
1934 	d64 	141436 	0392
1934 	d65 	171710 	0392
1952 	d65 	194012 	0392
1981 	d66 	092946 	2900
1918 	d33 	164908 	2900
520 	d10 	092009 	2900
1949 	d66 	101349 	2900
607 	d14 	092001 	2900
399 	d14 	150401 	2900
449 	d4 	155635 	0392
662 	d78 	110606 	2900
449 	d2 	090657 	2900
621 	d3 	090502 	2900
1957 	d27 	131335 	2900
1938 	d32 	140627 	2900
1951 	d34 	171823 	2900
585 	d8 	173347 	2900
662 	d46 	130200 	2900
637 	d25 	112405 	2900
384 	d15 	122744 	2900
565 	d15 	141007 	2900
449 	d3 	121852 	2900
75 	d3 	090610 	2900
1945 	d34 	172944 	2900
1937 	d36 	193402 	2900
603 	d0 	153114 	2900
511 	d22 	163711 	2900
1979 	d22 	153939 	2900
571 	d10 	092049 	2900
225 	d35 	100211 	2900
1937 	d34 	153739 	2900
324 	d35 	114119 	2900
662 	d39 	080029 	2900
1945 	d40 	112816 	2900
1981 	d67 	120849 	2900
662 	d70 	111918 	2900
1938 	d38 	105802 	2900
1933 	d67 	105633 	0392
1938 	d35 	094918 	2900
511 	d20 	134005 	2900
654 	d15 	133651 	1460
514 	d10 	230136 	2900
1911 	d40 	112638 	2900
1952 	d66 	093053 	2900
1948 	d61 	152018 	0392
1937 	d32 	150332 	2900
1911 	d82 	172505 	2900
449 	d0 	152845 	2900
1946 	d30 	161533 	2900
662 	d73 	103821 	2900
225 	d32 	150308 	2900
563 	d3 	190445 	2900
1941 	d59 	181225 	2900
1946 	d30 	163520 	2900
147 	d31 	191721 	2900
1911 	d38 	111229 	2900
1948 	d59 	115446 	0392
662 	d71 	130739 	2900
662 	d59 	104401 	2900
1941 	d61 	124715 	0392
643 	d12 	112337 	2900
1957 	d33 	144432 	2900
24 	d33 	144503 	2900
662 	d80 	111518 	2900
1969 	d35 	100243 	2900
449 	d2 	110800 	2900
399 	d4 	145417 	2900
449 	d6 	123252 	2900
603 	d6 	110253 	2900
1977 	d11 	162936 	2900
571 	d11 	092501 	2900
608 	d12 	144304 	2900
409 	d12 	143704 	2900
1978 	d13 	130417 	2900
1983 	d14 	165036 	2900
621 	d14 	162649 	2900
384 	d15 	120022 	2900
662 	d17 	180751 	2900
369 	d18 	154247 	2900
607 	d16 	175840 	2900
565 	d16 	175906 	2900
3 	d17 	194329 	2900
510 	d24 	101155 	2900
662 	d22 	123327 	2900
510 	d22 	152721 	2900
316 	d25 	202013 	2900
316 	d25 	183914 	2900
509 	d25 	175526 	2900
1967 	d25 	182423 	2900
130 	d27 	131402 	2900
509 	d28 	120034 	2900
1957 	d28 	112616 	2900
1946 	d31 	111500 	2900
1918 	d33 	165819 	2900
1937 	d35 	101748 	2900
1918 	d34 	150109 	2900
1938 	d37 	111547 	2900
1970 	d38 	094345 	2900
1964 	d38 	111242 	2900
662 	d38 	120258 	2900
1945 	d40 	112850 	2900
662 	d56 	142211 	2900
1942 	d57 	150913 	2900
1941 	d58 	165236 	0392
1941 	d59 	115418 	0392
1941 	d62 	075127 	2900
1948 	d63 	114843 	2900
1955 	d63 	165637 	2900
1960 	d63 	160153 	2900
1911 	d63 	183935 	2900
1981 	d63 	184048 	2900
1934 	d63 	184132 	2900
1933 	d63 	180635 	2900
1955 	d63 	180703 	2900
1955 	d64 	141910 	0392
1955 	d65 	183410 	0392
1955 	d65 	133921 	0392
1940 	d61 	151144 	2900
399 	d61 	142537 	2900
399 	d19 	171157 	2900
1968 	d33 	145927 	2900
1957 	d34 	094853 	2900
225 	d35 	100137 	2900
147 	d35 	101807 	2900
510 	d25 	130722 	2900
316 	d25 	175553 	2900
662 	d70 	104806 	2900
1984 	d10 	163706 	2900
520 	d11 	092602 	2900
608 	d11 	173705 	2900
1982 	d35 	115301 	2900
225 	d33 	170754 	2900
1911 	d33 	170648 	2900
1937 	d40 	112947 	2900
75 	d1 	161418 	2900
1936 	d62 	075059 	2900
1953 	d62 	170800 	2900
399 	d2 	110857 	2900
608 	d13 	135907 	2900
514 	d13 	131743 	0392
569 	d41 	092911 	2900
1968 	d42 	084946 	2900
147 	d36 	193443 	2900
1937 	d38 	103736 	2900
1911 	d63 	183546 	2900
1941 	d63 	114936 	2900
1958 	d62 	155218 	5840
1911 	d63 	184340 	2900
1935 	d64 	141448 	0392
662 	d64 	152048 	2900
399 	d11 	172017 	2900
520 	d8 	121042 	2900
1933 	d64 	141751 	0392
1933 	d64 	125848 	2900
1959 	d33 	170916 	2900
569 	d34 	172920 	2900
1982 	d34 	173022 	2900
369 	d18 	110547 	2900
1962 	d23 	122415 	2900
621 	d3 	121805 	2900
477 	d4 	095456 	2900
250 	d27 	131512 	2900
533 	d28 	011810 	0392
1946 	d28 	161953 	2900
509 	d27 	131347 	2900
603 	d5 	125831 	2900
601 	d5 	125751 	2900
621 	d5 	115747 	2900
412 	d19 	174215 	2900
369 	d16 	130327 	0392
1938 	d32 	142122 	2900
1985 	d33 	224512 	2900
24 	d25 	175500 	2900
316 	d28 	112732 	2900
130 	d29 	124723 	2900
1958 	d64 	141733 	0392
1958 	d65 	122354 	2900
571 	d11 	092537 	2900
607 	d12 	143534 	2900
399 	d5 	125541 	2900
585 	d7 	163340 	0392
1946 	d32 	104752 	2900
18 	d29 	090257 	0608
662 	d29 	082548 	2900
1944 	d30 	123450 	0392
24 	d30 	130252 	2900
369 	d18 	094426 	2900
384 	d18 	135524 	2900
565 	d19 	092002 	2900
1939 	d43 	163603 	2900
601 	d1 	161434 	2900
601 	d14 	162706 	2900
399 	d14 	102707 	2900
643 	d11 	155237 	2900
585 	d11 	092637 	2900
24 	d29 	121141 	2900
1918 	d37 	080539 	2900
1948 	d62 	075115 	2900
399 	d16 	190649 	2900
1958 	d67 	100714 	2900
384 	d15 	002304 	2900
75 	d14 	162658 	2900
399 	d3 	190718 	2900
478 	d4 	100017 	2900
1976 	d4 	123800 	2900
614 	d25 	100827 	0392
1971 	d25 	175200 	2900
523 	d25 	165618 	2900
250 	d26 	101829 	0392
1918 	d41 	100021 	2900
75 	d6 	113144 	2900
316 	d27 	155157 	2900
18 	d53 	133416 	2900
1960 	d64 	140916 	0392
1946 	d28 	180318 	2900
1946 	d29 	134824 	2900
1911 	d32 	140601 	2900
1911 	d34 	143437 	2900
1970 	d34 	153632 	0392
24 	d42 	085103 	2900
1960 	d65 	122328 	2900
621 	d2 	090909 	2900
75 	d3 	121905 	2900
250 	d27 	155034 	2900
509 	d28 	151503 	2900
1946 	d28 	154839 	2900
509 	d28 	145515 	2900
130 	d28 	145531 	2900
1944 	d28 	143330 	0392
1957 	d28 	133837 	2900
24 	d29 	121116 	2900
1957 	d26 	145917 	2900
1949 	d67 	101412 	2900
1981 	d68 	095540 	2900
1957 	d34 	110541 	2900
1937 	d34 	150304 	2900
215 	d28 	155840 	2900
1957 	d29 	111701 	2900
1944 	d29 	081201 	2900
1918 	d34 	153422 	2900
324 	d34 	171753 	2900
1970 	d34 	113401 	2900
662 	d73 	171401 	2900
662 	d67 	154816 	2900
1934 	d65 	130849 	2900
1965 	d66 	171603 	2900
1918 	d41 	092854 	2900
442 	d27 	095040 	2900
1986 	d46 	144844 	1270
1942 	d24 	143127 	2900
399 	d20 	114953 	2900
1918 	d55 	090124 	2900
1958 	d63 	165625 	2900
1952 	d63 	170339 	2900
1943 	d61 	151039 	2900
1981 	d64 	125943 	2900
1933 	d65 	115428 	2900
1958 	d65 	134114 	0392
1981 	d63 	160232 	2900
1960 	d64 	141852 	0392
1936 	d64 	105842 	0392
662 	d22 	142048 	2900
1979 	d46 	144603 	1270
509 	d26 	145932 	2900
520 	d6 	223640 	2900
520 	d6 	225659 	2900
662 	d70 	104844 	2900
514 	d12 	155718 	2900
1969 	d33 	170807 	2900
1911 	d34 	154734 	2900
1970 	d34 	122145 	2900
565 	d12 	143626 	2900
662 	d73 	171823 	2900
1958 	d66 	104623 	0392
1952 	d66 	101500 	2900
1935 	d66 	141845 	0392
1935 	d67 	101046 	2900
1935 	d67 	101101 	2900
1935 	d67 	100935 	2900
1952 	d67 	100921 	2900
1935 	d67 	101321 	2900
1949 	d67 	101139 	2900
637 	d24 	174608 	2900
655 	d24 	173423 	2900
449 	d2 	110704 	2900
3 	d17 	191252 	2900
654 	d14 	132655 	2900
250 	d22 	142032 	2900
598 	d22 	163743 	2900
510 	d22 	163835 	2900
662 	d55 	085916 	2900
662 	d38 	195350 	2900
1981 	d62 	155103 	5840
3 	d14 	202934 	2900
1918 	d36 	085122 	2900
1964 	d36 	101502 	2900
1911 	d36 	101448 	2900
654 	d13 	131715 	2900
1947 	d58 	020738 	0840
1936 	d59 	103519 	2900
1970 	d33 	155727 	5840
24 	d33 	151359 	2900
1981 	d63 	203221 	0392
1943 	d64 	162211 	2900
1936 	d64 	092921 	2900
1949 	d64 	130643 	2900
603 	d3 	190701 	2900
1958 	d67 	093852 	2900
1955 	d69 	111037 	2900
1943 	d63 	192514 	2900
1958 	d63 	160219 	2900
1948 	d63 	114716 	2900
18 	d57 	151143 	2900
495 	d31 	111417 	2900
1911 	d32 	142053 	2900
495 	d32 	104718 	2900
215 	d30 	161509 	2900
495 	d28 	154813 	2900
533 	d28 	101029 	0392
215 	d28 	154826 	2900
130 	d29 	115853 	2900
1944 	d30 	111456 	2900
1946 	d31 	130252 	2900
520 	d7 	170935 	0392
1934 	d65 	133222 	2900
1911 	d39 	090306 	2900
1989 	d0 	153002 	2900
520 	d8 	121141 	2900
399 	d23 	145338 	2900
18 	d33 	225213 	2900
1951 	d34 	172958 	2900
225 	d34 	153705 	2900
1911 	d34 	153527 	2900
225 	d34 	111107 	2900
1918 	d35 	094714 	2900
130 	d30 	161202 	2900
495 	d31 	130211 	2900
603 	d2 	090612 	2900
1983 	d2 	090559 	2900
1938 	d39 	090451 	2900
598 	d24 	101235 	2900
1964 	d34 	153544 	2900
147 	d34 	150346 	2900
1963 	d34 	164756 	2900
225 	d34 	143718 	2900
1984 	d10 	163010 	2900
1976 	d10 	164547 	2900
1960 	d63 	180647 	2900
1934 	d62 	155008 	5840
1965 	d63 	121211 	2900
514 	d8 	114859 	2900
514 	d9 	184145 	2900
654 	d10 	164138 	2900
1918 	d81 	125940 	2900
1968 	d29 	134852 	2900
662 	d46 	103348 	2900
1983 	d3 	121951 	2900
1918 	d38 	105742 	2900
1937 	d38 	105814 	2900
1938 	d39 	090405 	2900
1983 	d3 	190647 	2900
514 	d3 	161417 	2900
585 	d8 	181605 	2900
520 	d8 	125855 	2900
399 	d13 	143010 	2900
1988 	d14 	202844 	2900
369 	d15 	122803 	2900
565 	d15 	124827 	2900
384 	d15 	001710 	2900
412 	d17 	164230 	2900
1942 	d23 	215006 	2900
1942 	d23 	210323 	2900
1957 	d28 	140914 	2900
1957 	d30 	161127 	2900
215 	d31 	111436 	2900
1918 	d32 	142042 	2900
1944 	d32 	084756 	2900
225 	d32 	142139 	2900
225 	d32 	144458 	2900
130 	d33 	145912 	2900
1963 	d34 	173426 	2900
1968 	d34 	094921 	2900
1964 	d34 	111024 	2900
1945 	d34 	171810 	2900
1937 	d34 	143747 	2900
130 	d34 	092607 	2900
147 	d34 	154021 	2900
569 	d44 	110418 	2900
1971 	d46 	144712 	1270
1958 	d63 	180741 	2900
1933 	d63 	160133 	2900
1965 	d63 	192458 	2900
1960 	d64 	125901 	2900
1957 	d34 	092549 	2900
24 	d34 	094840 	2900
1941 	d59 	152456 	0392
1941 	d60 	114309 	0392
1948 	d59 	103620 	2900
369 	d15 	102651 	2900
384 	d15 	001555 	2900
597 	d24 	173637 	2900
662 	d25 	135812 	2900
662 	d80 	111442 	2900
1935 	d63 	170351 	2900
1941 	d62 	121705 	0392
1961 	d63 	121255 	2900
662 	d63 	184436 	2900
1958 	d63 	182732 	2900
565 	d15 	140954 	2900
565 	d15 	141051 	2900
384 	d16 	120424 	2900
511 	d26 	124031 	2900
316 	d27 	131415 	2900
662 	d28 	075505 	2900
1977 	d10 	163853 	0392
607 	d11 	161146 	2900
316 	d25 	202403 	2900
597 	d25 	112411 	2900
130 	d25 	183902 	2900
384 	d18 	154551 	2900
1988 	d18 	164017 	2900
569 	d41 	100146 	2900
662 	d29 	082722 	2900
1970 	d36 	130302 	2900
1918 	d37 	111526 	2900
608 	d11 	171354 	2900
533 	d54 	121709 	0392
130 	d30 	162853 	2900
1937 	d31 	192014 	2900
1938 	d31 	191656 	2900
1964 	d32 	140614 	2900
1937 	d32 	145524 	2900
24 	d28 	115953 	2900
24 	d28 	112601 	2900
316 	d28 	141007 	2900
1941 	d60 	101501 	2900
1941 	d62 	101343 	2900
1965 	d62 	170813 	2900
1990 	d48 	173610 	7310
215 	d31 	113344 	2900
1937 	d32 	144724 	2900
1968 	d33 	144521 	2900
1911 	d34 	150122 	2900
225 	d35 	095959 	2900
324 	d35 	115257 	2900
607 	d18 	092330 	2900
608 	d11 	155237 	2900
396 	d11 	173536 	2900
601 	d3 	090649 	2900
396 	d3 	103821 	2900
1973 	d27 	164959 	2900
24 	d27 	154251 	2900
399 	d8 	125145 	2900
399 	d16 	145213 	2900
654 	d16 	220432 	2900
399 	d41 	093651 	2900
1918 	d82 	091621 	2900
369 	d15 	001802 	2900
369 	d15 	114949 	0392
607 	d11 	161254 	2900
598 	d24 	105643 	2900
250 	d27 	151647 	2900
662 	d29 	092057 	2900
399 	d7 	104504 	2900
603 	d6 	113213 	2900
563 	d6 	113105 	2900
585 	d6 	224509 	2900
598 	d24 	111047 	2900
655 	d25 	112440 	2900
614 	d27 	095502 	2900
1968 	d28 	162005 	2900
215 	d29 	134810 	2900
1957 	d29 	115818 	2900
130 	d31 	113054 	2900
662 	d31 	083452 	2900
225 	d32 	140640 	2900
1959 	d32 	144746 	2900
130 	d32 	095024 	2900
24 	d29 	111806 	2900
1942 	d29 	090241 	0608
75 	d4 	135817 	2900
571 	d7 	172925 	0392
563 	d6 	102328 	2900
520 	d7 	163138 	0392
75 	d3 	190556 	2900
1951 	d35 	112539 	2900
1938 	d35 	100302 	2900
1937 	d36 	180641 	2900
1937 	d36 	194715 	2900
250 	d20 	120421 	2900
621 	d6 	110108 	2900
399 	d6 	105346 	2900
1937 	d36 	180449 	2900
399 	d4 	152200 	2900
399 	d5 	143803 	2900
563 	d5 	124919 	2900
396 	d5 	101603 	2900
621 	d0 	152748 	2900
399 	d5 	125900 	2900
75 	d6 	112555 	2900
1940 	d61 	172832 	2900
639 	d4 	121957 	2900
1911 	d78 	144104 	2900
442 	d19 	200258 	2900
662 	d78 	110628 	2900
1911 	d80 	142514 	2900
588 	d12 	155701 	2900
608 	d12 	143401 	2900
1942 	d57 	103424 	2900
1943 	d61 	151027 	2900
510 	d25 	132624 	2900
662 	d25 	135830 	2900
597 	d26 	132511 	2900
1980 	d22 	153919 	2900
225 	d32 	144731 	2900
1964 	d34 	150138 	2900
324 	d34 	164715 	2900
662 	d37 	075909 	2900
1980 	d25 	175136 	2900
316 	d25 	202953 	2900
662 	d37 	082131 	2900
1934 	d64 	141758 	0392
1952 	d64 	130036 	2900
1969 	d32 	150319 	2900
215 	d32 	104738 	2900
1959 	d34 	150318 	2900
1911 	d34 	154751 	2900
1982 	d34 	173443 	2900
1963 	d35 	115243 	2900
384 	d15 	001541 	2900
1918 	d82 	115445 	2900
1949 	d67 	101204 	2900
1957 	d30 	130313 	2900
3 	d19 	170006 	2900
18 	d19 	194236 	2900
1958 	d63 	180729 	2900
396 	d2 	110243 	2900
588 	d2 	160047 	1270
509 	d30 	161145 	2900
24 	d29 	124650 	2900
1936 	d59 	181152 	2900
1936 	d59 	103456 	2900
1983 	d2 	110910 	2900
1977 	d4 	123742 	2900
598 	d25 	130251 	2900
24 	d26 	145859 	2900
130 	d27 	154410 	2900
250 	d27 	155359 	2900
24 	d28 	130814 	2900
24 	d32 	094831 	2900
1957 	d33 	145853 	2900
1964 	d34 	143617 	2900
1970 	d34 	152112 	2900
569 	d39 	090642 	2900
1963 	d38 	135153 	2900
662 	d56 	142300 	2900
1941 	d58 	134608 	2900
1949 	d65 	195838 	0392
1934 	d64 	130021 	2900
1934 	d65 	130837 	2900
1935 	d66 	101516 	2900
1959 	d35 	100408 	2900
1957 	d25 	183836 	2900
654 	d17 	152137 	0392
510 	d22 	165609 	2900
563 	d6 	123214 	2900
601 	d6 	110209 	2900
662 	d51 	201708 	2900
1942 	d53 	133950 	2900
654 	d20 	204505 	2900
1918 	d42 	085334 	2900
1976 	d10 	164934 	1430
1977 	d10 	165018 	1480
1978 	d10 	163820 	2900
571 	d11 	092413 	2900
369 	d16 	113910 	2900
478 	d11 	162017 	2900
495 	d28 	161928 	2900
1937 	d39 	090434 	2900
662 	d42 	085421 	2900
147 	d37 	122403 	2900
316 	d28 	133929 	2900
1957 	d28 	145503 	2900
523 	d24 	175148 	2900
662 	d25 	135935 	2900
1972 	d25 	175847 	2900
662 	d71 	090254 	2900
662 	d71 	091100 	2900
1918 	d81 	141333 	2900
1958 	d67 	093940 	2900
571 	d7 	133021 	0392
601 	d0 	152918 	2900
396 	d1 	161141 	2900
324 	d35 	112525 	2900
1938 	d36 	175732 	2900
662 	d37 	082015 	2900
449 	d6 	110156 	2900
18 	d24 	142924 	2900
598 	d25 	132652 	2900
509 	d25 	170315 	2900
662 	d43 	134556 	2900
75 	d6 	102401 	2900
662 	d19 	173815 	2900
1957 	d33 	134801 	2900
1945 	d34 	164729 	2900
324 	d35 	115204 	2900
662 	d24 	100827 	2900
399 	d45 	135008 	2900
563 	d1 	161324 	2900
1911 	d34 	111012 	2900
654 	d20 	202246 	2900
250 	d21 	131339 	2900
1957 	d33 	151432 	2900
1936 	d65 	113513 	2900
1934 	d66 	093041 	2900
1935 	d66 	093108 	2900
1981 	d67 	100700 	2900
1942 	d67 	101138 	2900
1968 	d34 	092622 	2900
130 	d34 	094907 	2900
1968 	d30 	173056 	2900
1968 	d30 	164245 	2900
399 	d66 	140844 	2900
399 	d66 	140903 	2900
1911 	d133 	141656 	2900
1918 	d123 	151154 	2900
1911 	d123 	153928 	2900
1911 	d132 	102652 	2900
1918 	d126 	095333 	2900
1918 	d126 	111550 	2900
1911 	d124 	100423 	2900
1911 	d124 	100410 	2900
1918 	d146 	165812 	2900
1918 	d146 	170659 	2900
1918 	d118 	123744 	2900
1911 	d134 	220004 	2900
1911 	d118 	124929 	2900
1911 	d118 	123711 	2900
1911 	d118 	124603 	2900
1911 	d118 	125917 	2900
1911 	d118 	150806 	2900
1918 	d131 	123649 	2900
1911 	d130 	143054 	2900
1918 	d130 	141617 	2900
1911 	d135 	115113 	2900
1911 	d135 	124554 	2900
1918 	d129 	100430 	2900
1918 	d136 	083854 	2900
1911 	d129 	160330 	2900
1918 	d136 	090924 	2900
1911 	d136 	091031 	2900
1911 	d136 	083511 	2900
1918 	d141 	160648 	2900
1918 	d100 	190555 	2900
1918 	d101 	113653 	2900
1911 	d102 	104637 	2900
1918 	d115 	150758 	0158
1918 	d115 	150310 	2900
1918 	d115 	144830 	2900
1918 	d115 	145513 	2900
1990 	d116 	190338 	7310
399 	d116 	123927 	2900
1911 	d119 	123856 	2900
1911 	d120 	154444 	2900
1911 	d126 	112752 	2900
1911 	d126 	095348 	2900
1911 	d126 	095130 	2900
1911 	d124 	075941 	2900
1918 	d146 	171003 	2900
1911 	d125 	140648 	2900
1911 	d134 	113752 	2900
1911 	d134 	120122 	2900
1911 	d134 	113802 	2900
1911 	d118 	125526 	2900
1911 	d134 	085823 	2900
1918 	d134 	203620 	2900
1911 	d118 	125257 	2900
1911 	d138 	093707 	2900
1911 	d118 	124636 	2900
1911 	d134 	215951 	2900
1911 	d127 	141915 	2900
1911 	d128 	143907 	2900
1911 	d128 	144135 	2900
1911 	d128 	144142 	2900
1911 	d128 	144645 	2900
1918 	d145 	133459 	2900
1918 	d131 	113415 	2900
1918 	d131 	113428 	2900
1918 	d145 	133551 	2900
1911 	d130 	141242 	2900
1911 	d130 	141343 	2900
1911 	d130 	141335 	2900
1911 	d130 	142410 	2900
1911 	d135 	162834 	2900
1911 	d135 	162848 	2900
1911 	d135 	163045 	2900
1911 	d135 	141555 	2900
1911 	d136 	091826 	2900
1911 	d136 	124712 	2900
1911 	d129 	130105 	2900
1911 	d136 	083916 	2900
1911 	d139 	163603 	2900
1911 	d139 	164412 	2900
1911 	d139 	171555 	2900
1918 	d92 	113020 	2900
1911 	d92 	113042 	2900
1911 	d92 	113053 	2900
1918 	d115 	152342 	2900
1918 	d115 	145222 	2900
1918 	d115 	150303 	2900
1918 	d115 	152328 	2900
1918 	d119 	150843 	2900
1911 	d120 	154438 	2900
1918 	d122 	122907 	2900
1911 	d124 	100444 	2900
1911 	d124 	075955 	2900
1918 	d146 	170005 	2900
1918 	d146 	181710 	2900
1911 	d118 	125246 	2900
1911 	d134 	085812 	2900
1911 	d134 	113734 	2900
1911 	d118 	143655 	2900
1911 	d128 	145647 	2900
1911 	d130 	142831 	2900
1911 	d135 	163117 	2900
1911 	d129 	120911 	2900
1911 	d129 	071758 	2900
1911 	d135 	132244 	2900
1911 	d136 	082339 	2900
1918 	d136 	091222 	2900
399 	d103 	111000 	2900
399 	d103 	111133 	2900
1918 	d115 	145745 	2900
1918 	d115 	145520 	2900
1918 	d115 	145138 	2900
1918 	d119 	150835 	2900
1911 	d121 	133451 	2900
1911 	d133 	141629 	2900
1911 	d123 	155926 	2900
1911 	d132 	171035 	2900
1911 	d132 	171055 	2900
1911 	d124 	093759 	2900
1911 	d124 	100629 	2900
1918 	d125 	140541 	2900
1911 	d134 	120443 	2900
1918 	d134 	120249 	2900
1911 	d134 	120139 	2900
1911 	d118 	124624 	2900
1911 	d138 	093655 	2900
1911 	d128 	145813 	2900
1918 	d145 	170957 	2900
1911 	d139 	110457 	2900
1918 	d92 	113034 	2900
399 	d116 	123939 	2900
1911 	d121 	133458 	2900
1911 	d122 	122830 	2900
1911 	d119 	094954 	2900
399 	d123 	142440 	2900
1911 	d124 	093836 	2900
1911 	d118 	125620 	2900
1918 	d118 	123730 	2900
1911 	d134 	113722 	2900
1918 	d100 	141106 	2900
1990 	d103 	174834 	7310
1918 	d119 	094936 	2900
399 	d119 	100057 	2900
